225 207 1
205 212 1
185 216 1
165 226 1
151 246 1
134 265 1
133 285 1
152 304 1
167 324 1
187 328 1
207 328 1
220 327 1
230 309 1
246 309 1
260 318 1
273 318 1
288 304 1
299 313 1
319 315 1
331 309 1
331 289 1
331 269 1
331 249 1
331 229 1
324 217 1
304 220 1
289 227 1
269 214 1
249 212 1
230 209 1
215 208 2
195 215 2
175 219 2
156 237 2
139 256 2
129 276 2
141 295 2
158 313 2
175 329 2
195 326 2
215 332 2
222 319 2
237 308 2
256 309 2
245 320 2
245 329 2
264 321 2
282 309 2
296 307 2
306 314 2
326 316 2
331 301 2
331 281 2
331 261 2
331 241 2
331 221 2
315 219 2
295 221 2
278 222 2
258 212 2
239 211 2
235 226 2
222 228 2
219 209 2
215 208 3
195 216 3
175 219 3
156 238 3
138 257 3
129 277 3
141 296 3
159 314 3
176 330 3
196 326 3
216 332 3
225 320 3
235 321 3
241 307 3
257 312 3
255 326 3
274 315 3
290 302 3
296 313 3
316 315 3
331 311 3
331 291 3
331 271 3
331 251 3
331 231 3
325 217 3
305 220 3
288 226 3
268 217 3
248 212 3
233 219 3
226 231 3
217 216 3
215 208 4
195 216 4
175 219 4
157 238 4
138 257 4
130 277 4
141 297 4
159 314 4
176 330 4
196 326 4
216 332 4
230 323 4
236 309 4
253 304 4
261 319 4
261 322 4
280 309 4
293 310 4
309 314 4
329 316 4
331 299 4
331 279 4
331 259 4
331 239 4
331 219 4
313 219 4
293 221 4
275 221 4
255 212 4
238 215 4
219 224 4
215 208 4
215 208 5
195 216 5
175 219 5
159 237 5
139 256 5
128 276 5
141 296 5
159 314 5
176 330 5
196 326 5
216 332 5
234 336 5
240 326 5
231 312 5
244 306 5
259 311 5
249 324 5
265 318 5
285 306 5
300 314 5
320 316 5
331 308 5
331 288 5
331 268 5
331 248 5
331 228 5
322 218 5
302 220 5
284 225 5
264 218 5
244 212 5
226 222 5
218 209 5
216 208 6
196 217 6
176 218 6
159 236 6
142 254 6
127 273 6
136 293 6
149 290 6
148 303 6
164 322 6
184 329 6
204 326 6
223 331 6
242 339 6
241 330 6
256 323 6
276 309 6
291 313 6
311 315 6
331 317 6
331 297 6
330 277 6
331 257 6
331 237 6
331 217 6
311 219 6
291 222 6
272 221 6
252 213 6
246 219 6
238 233 6
234 220 6
217 217 6
216 208 7
197 217 7
177 217 7
160 235 7
143 254 7
127 271 7
133 291 7
148 290 7
146 302 7
163 320 7
182 330 7
202 326 7
222 332 7
241 338 7
231 331 7
230 317 7
244 307 7
257 318 7
250 324 7
270 313 7
286 312 7
306 314 7
326 316 7
330 301 7
330 281 7
330 261 7
330 241 7
330 221 7
315 219 7
295 221 7
275 224 7
255 214 7
245 217 7
258 226 7
244 235 7
231 225 7
222 217 7
216 208 8
196 217 8
176 218 8
160 236 8
151 251 8
160 261 8
144 256 8
130 265 8
128 285 8
142 287 8
148 300 8
159 314 8
176 330 8
196 326 8
216 331 8
229 324 8
233 308 8
251 311 8
242 323 8
262 318 8
282 308 8
299 314 8
319 316 8
330 308 8
330 288 8
330 268 8
330 248 8
330 228 8
321 218 8
301 221 8
281 224 8
261 218 8
241 215 8
222 211 8
244 201 9
224 208 9
205 215 9
185 216 9
166 227 9
151 247 9
132 263 9
129 283 9
145 301 9
162 318 9
181 330 9
201 325 9
221 332 9
234 322 9
254 323 9
273 310 9
287 300 9
289 313 9
309 315 9
329 317 9
330 298 9
330 278 9
330 258 9
330 238 9
330 218 9
310 219 9
290 222 9
270 223 9
250 216 9
238 207 9
242 202 10
222 206 10
203 217 10
183 217 10
164 230 10
148 248 10
131 267 10
131 287 10
149 303 10
167 323 10
187 328 10
207 325 10
223 328 10
241 321 10
261 316 10
277 302 10
285 311 10
304 315 10
324 317 10
330 303 10
330 283 10
329 263 10
330 243 10
330 223 10
315 219 10
295 221 10
275 224 10
255 218 10
236 218 10
240 204 10
231 204 11
212 212 11
192 218 11
172 222 11
156 241 11
137 258 11
127 278 11
141 298 11
160 314 11
179 328 11
199 325 11
219 331 11
233 322 11
253 321 11
272 308 11
287 303 11
295 314 11
315 316 11
329 311 11
329 291 11
329 271 11
330 251 11
330 231 11
323 218 11
303 220 11
283 223 11
263 222 11
243 219 11
227 214 11
221 203 12
204 217 12
184 218 12
164 230 12
147 249 12
128 268 12
131 288 12
151 305 12
171 324 12
191 326 12
211 325 12
227 324 12
247 321 12
267 311 12
285 299 12
290 313 12
310 315 12
330 317 12
330 297 12
331 278 12
331 258 12
329 238 12
331 218 12
311 219 12
291 222 12
277 230 12
261 222 12
241 221 12
223 213 12
221 204 12
219 208 13
200 219 13
180 220 13
161 235 13
142 254 13
127 272 13
134 292 13
154 308 13
174 324 13
194 325 13
214 327 13
232 321 13
252 320 13
271 305 13
285 306 13
296 314 13
316 316 13
331 313 13
331 293 13
331 273 13
338 260 13
332 245 13
331 225 13
333 217 13
313 219 13
293 222 13
280 231 13
265 224 13
245 221 13
226 217 13
217 211 14
197 221 14
177 222 14
158 239 14
139 255 14
127 274 14
136 294 14
156 309 14
176 324 14
196 323 14
216 326 14
235 321 14
255 318 14
273 303 14
284 308 14
296 314 14
316 316 14
331 313 14
331 293 14
331 273 14
338 260 14
332 245 14
332 225 14
334 217 14
314 219 14
294 222 14
283 231 14
267 225 14
247 221 14
227 218 14
216 212 15
196 222 15
176 224 15
157 240 15
137 256 15
127 276 15
138 296 15
158 311 15
178 323 15
198 322 15
218 326 15
238 320 15
258 315 15
276 299 15
283 310 15
298 314 15
318 317 15
331 311 15
331 291 15
331 271 15
336 260 15
332 243 15
332 223 15
317 219 15
297 221 15
284 228 15
271 227 15
251 221 15
231 221 15
216 213 16
196 222 16
176 225 16
156 240 16
137 256 16
127 276 16
137 296 16
157 310 16
177 322 16
197 321 16
217 324 16
237 321 16
256 316 16
275 300 16
283 309 16
297 314 16
317 317 16
331 312 16
331 292 16
331 272 16
340 259 16
332 246 16
332 226 16
335 218 16
315 219 16
295 222 16
284 230 16
272 229 16
252 221 16
232 221 16
337 203 17
329 218 17
309 220 17
289 222 17
285 236 17
267 229 17
247 223 17
227 219 17
207 220 17
187 223 17
167 232 17
147 247 17
130 266 17
130 286 17
147 303 17
167 316 17
187 322 17
207 319 17
227 321 17
247 319 17
266 306 17
286 297 17
285 313 17
305 315 17
325 317 17
331 304 17
331 284 17
331 264 17
332 257 17
332 237 17
335 219 17
340 204 17
216 215 18
196 224 18
176 229 18
156 241 18
136 257 18
128 277 18
138 297 18
158 309 18
178 318 18
198 318 18
218 322 18
238 320 18
257 314 18
273 300 18
285 284 18
289 298 18
286 313 18
306 315 18
326 317 18
331 303 18
331 283 18
332 263 18
332 243 18
332 223 18
318 219 18
298 221 18
284 227 18
277 238 18
259 226 18
240 223 18
220 215 18
218 216 19
198 226 19
178 229 19
158 241 19
138 255 19
128 275 19
137 295 19
157 307 19
177 316 19
197 317 19
217 320 19
237 318 19
257 314 19
275 298 19
287 281 19
290 297 19
286 314 19
306 316 19
326 318 19
331 303 19
331 283 19
331 263 19
332 243 19
332 223 19
317 219 19
297 222 19
285 228 19
281 242 19
263 230 19
245 223 19
225 219 19
216 218 20
196 227 20
176 232 20
156 243 20
136 258 20
129 278 20
141 297 20
161 308 20
181 314 20
201 316 20
221 321 20
241 318 20
261 311 20
277 295 20
285 275 20
293 284 20
287 304 20
293 314 20
313 316 20
331 316 20
331 296 20
331 276 20
338 262 20
332 250 20
331 230 20
324 219 20
304 221 20
284 223 20
291 242 20
278 239 20
258 227 20
240 224 20
220 218 20
326 218 21
306 221 21
286 223 21
292 240 21
295 260 21
285 253 21
271 236 21
253 221 21
233 223 21
213 221 21
193 229 21
173 236 21
153 247 21
136 260 21
132 280 21
145 297 21
163 306 21
183 312 21
203 314 21
223 320 21
243 318 21
262 310 21
278 293 21
285 273 21
295 266 21
294 286 21
287 306 21
296 315 21
316 317 21
331 313 21
331 293 21
331 273 21
336 262 21
332 245 21
332 225 21
218 220 22
198 231 22
178 237 22
158 247 22
141 257 22
133 277 22
142 296 22
162 303 22
182 309 22
202 313 22
222 320 22
242 318 22
261 311 22
278 295 22
283 275 22
285 255 22
273 236 22
255 222 22
235 224 22
216 222 23
196 233 23
176 244 23
156 252 23
140 263 23
137 283 23
147 293 23
167 302 23
187 308 23
207 314 23
227 318 23
247 318 23
265 308 23
278 292 23
283 272 23
283 252 23
269 234 23
251 222 23
231 225 23
251 222 24
231 225 24
211 226 24
191 238 24
171 249 24
152 258 24
139 271 24
142 291 24
160 297 24
180 304 24
200 309 24
220 318 24
240 317 24
259 317 24
273 298 24
283 278 24
284 258 24
274 238 24
255 223 24
251 222 25
231 225 25
211 226 25
191 241 25
171 252 25
153 264 25
144 275 25
148 283 25
166 296 25
186 303 25
206 311 25
226 319 25
246 317 25
265 313 25
282 296 25
281 280 25
284 260 25
275 240 25
256 224 25
330 218 26
310 221 26
290 223 26
298 241 26
301 261 26
301 281 26
290 279 26
285 261 26
277 242 26
259 225 26
239 226 26
219 224 26
200 237 26
180 249 26
161 260 26
147 274 26
155 283 26
174 296 26
194 304 26
214 316 26
234 318 26
254 320 26
271 310 26
288 297 26
297 296 26
288 313 26
307 316 26
327 318 26
332 304 26
331 284 26
332 264 26
340 251 26
332 237 26
340 224 26
330 218 27
310 221 27
290 223 27
299 242 27
302 262 27
293 273 27
287 253 27
272 235 27
252 224 27
232 226 27
212 226 27
195 243 27
175 256 27
157 272 27
169 289 27
189 300 27
209 312 27
229 319 27
249 321 27
269 317 27
284 312 27
304 316 27
324 318 27
331 306 27
331 286 27
332 266 27
340 253 27
340 233 27
332 220 27
330 218 28
310 221 28
292 224 28
301 244 28
304 264 28
295 273 28
288 253 28
275 234 28
255 225 28
235 225 28
215 226 28
200 241 28
180 256 28
161 274 28
179 292 28
199 303 28
219 316 28
239 320 28
259 325 28
275 316 28
290 315 28
310 317 28
330 319 28
339 331 28
339 311 28
332 296 28
331 276 28
340 263 28
334 251 28
333 244 28
331 224 28
331 218 29
311 220 29
294 225 29
303 245 29
305 265 29
297 278 29
291 258 29
283 238 29
265 227 29
245 225 29
225 225 29
207 232 29
191 250 29
174 267 29
177 286 29
197 299 29
216 314 29
236 319 29
256 328 29
274 325 29
266 338 29
248 353 29
228 362 29
230 380 29
230 400 29
238 420 29
246 439 29
266 432 29
285 421 29
297 403 29
304 383 29
304 363 29
299 343 29
292 325 29
304 316 29
324 318 29
336 328 29
339 319 29
333 305 29
330 294 29
327 276 29
332 260 29
340 247 29
331 234 29
321 219 30
301 222 30
302 238 30
307 258 30
307 278 30
295 269 30
289 249 30
279 233 30
259 222 30
239 224 30
219 227 30
201 239 30
186 259 30
175 279 30
194 294 30
210 311 30
230 317 30
249 328 30
262 338 30
246 352 30
227 361 30
229 380 30
230 399 30
239 419 30
247 437 30
267 430 30
287 419 30
299 401 30
305 381 30
306 361 30
304 341 30
297 322 30
313 318 30
327 313 30
327 293 30
327 273 30
327 253 30
331 237 30
328 220 30
252 218 31
232 223 31
212 228 31
196 246 31
183 266 31
183 283 31
199 303 31
219 312 31
237 325 31
256 333 31
248 351 31
228 356 31
223 376 31
229 394 31
239 414 31
245 434 31
264 430 31
284 422 31
296 404 31
307 385 31
308 365 31
307 345 31
302 326 31
294 311 31
297 291 31
306 302 31
310 317 31
327 316 31
327 296 31
327 276 31
327 256 31
327 236 31
332 220 31
313 220 31
296 228 31
276 227 31
257 218 31
299 213 32
279 219 32
261 216 32
241 220 32
221 226 32
202 237 32
190 257 32
177 275 32
194 294 32
210 310 32
227 322 32
247 330 32
251 348 32
231 352 32
219 370 32
230 388 32
235 408 32
245 428 32
260 430 32
280 424 32
292 407 32
307 389 32
309 369 32
310 349 32
305 329 32
296 313 32
297 293 32
298 273 32
292 253 32
295 233 32
308 237 32
311 257 32
312 277 32
310 297 32
311 317 32
327 315 32
327 295 32
327 275 32
327 255 32
327 235 32
323 219 32
303 221 32
293 219 32
237 103 33
234 123 33
231 143 33
229 163 33
225 183 33
244 195 33
259 207 33
245 217 33
225 225 33
206 235 33
193 253 33
180 273 33
193 293 33
210 309 33
224 323 33
243 334 33
247 350 33
227 351 33
217 370 33
229 387 33
236 407 33
246 427 33
262 428 33
282 422 33
295 405 33
309 386 33
311 366 33
313 346 33
307 326 33
297 306 33
300 286 33
295 266 33
296 246 33
299 226 33
305 210 33
306 192 33
312 173 33
308 153 33
296 137 33
276 129 33
256 124 33
240 107 33
239 103 34
236 123 34
232 143 34
228 163 34
223 183 34
241 196 34
256 205 34
241 216 34
221 227 34
201 239 34
191 259 34
185 279 34
196 299 34
215 309 34
227 327 34
247 337 34
238 349 34
220 355 34
220 375 34
229 392 34
240 412 34
249 432 34
269 425 34
287 416 34
303 398 34
311 378 34
314 358 34
313 338 34
302 318 34
297 299 34
300 279 34
295 259 34
296 239 34
302 219 34
309 200 34
314 180 34
312 160 34
300 143 34
283 130 34
263 127 34
244 114 34
240 105 35
237 125 35
232 145 35
227 165 35
222 185 35
240 197 35
253 207 35
233 214 35
215 230 35
195 245 35
187 265 35
189 285 35
201 304 35
215 318 35
234 332 35
244 346 35
224 346 35
214 366 35
228 382 35
233 402 35
246 421 35
259 427 35
279 423 35
292 406 35
309 389 35
313 369 35
316 349 35
310 329 35
300 309 35
300 289 35
297 269 35
297 249 35
302 229 35
310 209 35
314 189 35
314 169 35
309 149 35
292 137 35
272 130 35
252 122 35
242 106 36
238 126 36
232 146 36
226 166 36
221 186 36
238 199 36
245 208 36
225 218 36
210 235 36
192 250 36
185 270 36
191 290 36
207 306 36
217 326 36
220 345 36
213 364 36
228 381 36
233 401 36
247 419 36
259 426 36
279 422 36
292 406 36
309 390 36
314 370 36
318 350 36
312 330 36
302 310 36
300 290 36
298 270 36
297 250 36
303 230 36
312 210 36
316 190 36
316 170 36
310 150 36
294 137 36
275 130 36
255 125 36
242 106 36
244 107 37
238 127 37
232 147 37
226 167 37
219 187 37
232 202 37
223 217 37
209 236 37
191 252 37
185 272 37
191 292 37
208 310 37
216 330 37
215 350 37
213 370 37
227 386 37
238 406 37
250 424 37
266 423 37
284 418 37
299 400 37
313 382 37
318 362 37
318 342 37
309 322 37
301 302 37
301 282 37
297 262 37
299 242 37
308 222 37
316 202 37
317 182 37
315 162 37
304 145 37
286 133 37
266 129 37
247 117 37
245 109 38
239 129 38
231 149 38
224 169 38
218 189 38
225 207 38
213 227 38
198 244 38
188 264 38
189 284 38
201 303 38
209 323 38
212 342 38
210 362 38
224 378 38
230 397 38
244 416 38
258 425 38
278 421 38
292 405 38
311 389 38
318 369 38
320 349 38
314 329 38
303 309 38
302 290 38
299 270 38
299 250 38
305 230 38
315 210 38
319 190 38
318 170 38
311 150 38
294 137 38
274 130 38
254 125 38
246 109 39
240 129 39
231 149 39
224 169 39
216 189 39
219 209 39
210 229 39
194 248 39
187 268 39
189 288 39
202 308 39
208 328 39
210 348 39
210 368 39
227 382 39
235 402 39
249 419 39
265 421 39
285 417 39
299 399 39
314 382 39
321 362 39
320 342 39
311 322 39
303 302 39
302 282 39
299 262 39
301 242 39
309 222 39
318 202 39
320 182 39
317 162 39
306 146 39
286 134 39
266 130 39
248 117 39
247 110 40
240 130 40
231 150 40
223 170 40
214 190 40
214 210 40
208 230 40
193 249 40
186 269 40
189 289 40
200 309 40
204 329 40
208 349 40
209 369 40
227 382 40
236 402 40
250 419 40
266 420 40
285 415 40
300 398 40
316 380 40
323 360 40
320 340 40
310 320 40
304 300 40
302 280 40
299 260 40
302 240 40
311 220 40
320 200 40
321 180 40
317 160 40
303 145 40
283 134 40
263 129 40
248 114 40
248 110 41
241 130 41
231 150 41
223 170 41
212 189 41
211 209 41
206 229 41
193 248 41
186 268 41
188 288 41
198 308 41
202 328 41
206 348 41
208 368 41
227 381 41
235 401 41
249 417 41
266 419 41
285 414 41
301 396 41
316 379 41
324 359 41
321 339 41
311 319 41
304 299 41
303 279 41
300 259 41
302 239 41
312 219 41
321 199 41
322 179 41
317 159 41
302 144 41
282 135 41
262 130 41
248 113 41
249 111 42
242 130 42
231 150 42
222 170 42
210 190 42
209 210 42
203 230 42
191 250 42
187 270 42
187 290 42
196 310 42
200 330 42
204 350 42
209 370 42
226 382 42
237 402 42
252 419 42
269 418 42
286 410 42
304 394 42
318 376 42
325 356 42
321 336 42
310 317 42
305 297 42
303 277 42
301 257 42
303 237 42
313 217 42
322 197 42
323 177 42
316 157 42
299 143 42
279 135 42
259 129 42
249 114 43
240 134 43
229 154 43
218 174 43
208 193 43
205 213 43
199 233 43
188 253 43
187 273 43
186 293 43
194 313 43
199 333 43
202 353 43
211 372 43
226 384 43
238 403 43
253 419 43
270 417 43
286 408 43
305 393 43
320 375 43
328 360 43
323 341 43
314 321 43
306 301 43
304 281 43
302 261 43
303 241 43
311 221 43
320 201 43
325 181 43
319 161 43
303 145 43
283 136 43
263 131 43
250 114 44
241 134 44
230 154 44
218 174 44
207 193 44
204 213 44
197 233 44
188 253 44
187 273 44
184 293 44
192 313 44
197 333 44
200 353 44
210 372 44
226 383 44
238 402 44
253 419 44
271 417 44
288 405 44
307 391 44
322 372 44
330 356 44
323 339 44
314 319 44
306 299 44
305 279 44
303 259 44
304 239 44
312 219 44
321 199 44
326 179 44
318 159 44
300 144 44
280 137 44
260 129 44
251 116 45
240 136 45
229 156 45
216 175 45
205 195 45
201 215 45
195 235 45
186 255 45
186 275 45
183 295 45
191 315 45
196 335 45
198 355 45
211 373 45
226 384 45
239 403 45
253 419 45
272 416 45
289 403 45
309 389 45
324 370 45
331 353 45
324 337 45
314 317 45
307 297 45
305 277 45
304 257 45
305 237 45
313 217 45
322 197 45
326 177 45
317 157 45
297 144 45
277 137 45
257 126 45
251 117 46
239 137 46
229 157 46
215 175 46
203 195 46
199 215 46
193 235 46
184 255 46
186 275 46
181 295 46
189 315 46
193 335 46
196 355 46
210 373 46
226 384 46
239 403 46
254 420 46
274 415 46
291 400 46
311 387 46
328 369 46
329 353 46
323 335 46
313 315 46
307 295 46
306 275 46
304 255 46
307 235 46
314 215 46
323 195 46
326 175 46
315 156 46
295 143 46
275 137 46
255 124 46
252 116 47
240 136 47
230 156 47
215 175 47
202 194 47
198 214 47
191 234 47
184 254 47
186 274 47
179 294 47
187 314 47
191 334 47
194 354 47
208 372 47
225 382 47
239 400 47
253 417 47
272 416 47
289 401 47
309 387 47
326 371 47
331 353 47
323 337 47
316 317 47
308 297 47
307 277 47
305 257 47
307 237 47
314 217 47
322 197 47
332 180 47
322 165 47
304 149 47
284 138 47
264 131 47
252 118 48
239 138 48
229 158 48
213 176 48
200 195 48
196 215 48
188 235 48
182 255 48
186 274 48
177 293 48
184 313 48
189 333 48
192 353 48
206 371 48
225 381 48
238 399 48
252 416 48
272 415 48
289 401 48
308 386 48
327 371 48
331 353 48
323 336 48
316 316 48
309 296 48
308 276 48
306 256 48
308 236 48
314 216 48
323 196 48
332 179 48
340 166 48
340 146 48
337 161 48
329 175 48
314 157 48
294 144 48
274 136 48
254 122 48
253 117 49
240 137 49
229 157 49
213 176 49
198 194 49
193 214 49
187 234 49
179 254 49
184 274 49
175 293 49
182 313 49
186 333 49
190 353 49
205 371 49
224 380 49
238 399 49
253 416 49
272 416 49
289 401 49
308 385 49
327 372 49
331 355 49
324 339 49
319 319 49
310 299 49
309 279 49
307 259 49
307 239 49
314 219 49
323 199 49
331 182 49
340 169 49
340 149 49
336 158 49
331 174 49
314 158 49
294 144 49
274 136 49
255 122 49
253 118 50
240 138 50
228 158 50
211 177 50
196 195 50
191 215 50
184 235 50
177 255 50
182 275 50
174 294 50
180 314 50
184 334 50
189 354 50
205 371 50
224 380 50
237 398 50
252 415 50
272 416 50
288 402 50
307 385 50
327 373 50
331 356 50
324 340 50
320 320 50
311 300 50
309 280 50
307 260 50
308 240 50
314 220 50
323 200 50
331 183 50
323 167 50
303 150 50
283 140 50
263 129 50
253 118 51
241 137 51
229 157 51
212 176 51
195 193 51
188 213 51
183 233 51
175 253 51
180 272 51
172 291 51
177 311 51
180 331 51
186 351 51
201 370 51
221 377 51
236 395 51
249 412 51
268 418 51
287 406 51
303 388 51
323 377 51
330 362 51
327 346 51
322 326 51
313 306 51
310 286 51
309 266 51
308 246 51
312 226 51
320 206 51
331 189 51
326 172 51
309 155 51
289 142 51
269 133 51
253 119 52
242 136 52
230 156 52
213 175 52
195 191 52
186 211 52
182 231 52
174 251 52
177 271 52
170 291 52
174 311 52
178 331 52
184 351 52
198 369 52
218 376 52
235 394 52
248 411 52
268 418 52
287 407 52
302 388 52
322 379 52
330 363 52
328 346 52
322 326 52
314 306 52
311 286 52
310 266 52
309 246 52
313 226 52
321 206 52
331 189 52
326 172 52
307 154 52
287 142 52
267 132 52
254 119 53
242 136 53
229 156 53
213 174 53
194 190 53
184 210 53
180 230 53
173 250 53
174 270 53
169 290 53
172 310 53
174 330 53
181 350 53
197 369 53
217 376 53
234 393 53
248 411 53
268 419 53
288 407 53
303 388 53
323 378 53
331 362 53
329 344 53
324 325 53
317 306 53
311 287 53
311 267 53
310 247 53
313 227 53
321 207 53
331 191 53
329 174 53
309 156 53
289 143 53
269 132 53
254 119 54
242 135 54
230 155 54
214 173 54
194 188 54
182 208 54
178 228 54
172 248 54
171 268 54
167 288 54
170 308 54
172 328 54
179 348 54
194 367 54
214 375 54
232 391 54
246 409 54
266 420 54
286 410 54
300 390 54
319 379 54
330 367 54
331 347 54
325 330 54
318 310 54
312 291 54
312 271 54
311 251 54
312 231 54
320 211 54
331 194 54
331 174 54
313 160 54
293 145 54
273 134 54
254 119 54
254 119 55
241 137 55
229 157 55
211 175 55
191 190 55
179 210 55
176 230 55
169 250 55
169 270 55
166 290 55
168 310 55
170 330 55
178 350 55
195 369 55
215 376 55
234 392 55
248 410 55
268 419 55
288 409 55
301 390 55
320 379 55
330 366 55
331 346 55
325 329 55
319 310 55
313 292 55
313 272 55
311 252 55
313 232 55
320 212 55
330 194 55
331 175 55
312 160 55
292 144 55
272 133 55
254 120 56
241 138 56
228 157 56
211 174 56
191 189 56
178 209 56
174 229 56
168 249 56
167 269 56
164 289 56
166 309 56
167 329 56
175 349 56
192 368 56
212 376 56
231 389 56
245 407 56
265 420 56
285 410 56
299 393 56
318 380 56
331 368 56
331 348 56
325 331 56
322 312 56
314 292 56
314 272 56
312 252 56
313 232 56
322 212 56
331 195 56
331 175 56
312 159 56
293 145 56
273 133 56
255 119 57
242 137 57
229 156 57
212 173 57
192 186 57
177 206 57
172 226 57
167 246 57
165 266 57
163 286 57
164 306 57
164 326 57
171 346 57
187 365 57
207 375 57
226 387 57
243 402 57
261 419 57
281 411 57
297 399 57
312 382 57
330 372 57
331 352 57
326 335 57
323 316 57
315 297 57
315 277 57
313 257 57
313 237 57
322 217 57
331 200 57
332 180 57
317 164 57
298 149 57
278 135 57
258 122 57
255 119 58
242 137 58
230 155 58
212 172 58
192 185 58
176 204 58
170 224 58
165 244 58
164 264 58
161 284 58
162 304 58
162 324 58
168 343 58
183 363 58
203 374 58
223 385 58
241 399 58
259 417 58
279 413 58
298 400 58
314 383 58
331 373 58
331 353 58
326 336 58
325 316 58
315 296 58
316 276 58
313 256 58
314 236 58
324 216 58
331 199 58
332 179 58
316 163 58
296 147 58
276 133 58
256 120 58
255 120 59
242 139 59
229 156 59
211 173 59
191 185 59
174 204 59
168 224 59
163 244 59
162 264 59
160 284 59
160 304 59
161 324 59
167 344 59
182 363 59
202 375 59
222 384 59
240 397 59
257 416 59
277 416 59
297 403 59
313 385 59
330 372 59
331 352 59
328 335 59
325 315 59
316 295 59
317 275 59
314 255 59
316 235 59
326 215 59
331 198 59
332 178 59
316 162 59
296 147 59
276 133 59
256 120 59
255 120 60
242 139 60
229 155 60
211 172 60
191 183 60
173 201 60
166 221 60
161 241 60
160 261 60
157 281 60
157 301 60
159 321 60
164 341 60
178 361 60
198 374 60
218 382 60
238 393 60
254 412 60
274 418 60
294 406 60
311 387 60
329 373 60
331 355 60
331 335 60
326 318 60
320 298 60
317 279 60
315 259 60
315 239 60
326 219 60
331 202 60
331 182 60
318 165 60
299 149 60
279 133 60
259 121 60
256 120 61
242 140 61
229 155 61
210 172 61
190 183 61
172 201 61
164 221 61
158 241 61
157 261 61
155 281 61
155 301 61
157 321 61
163 341 61
176 360 61
196 374 61
216 381 61
236 391 61
252 410 61
272 419 61
292 406 61
309 390 61
326 375 61
331 358 61
331 338 61
327 321 61
320 301 61
318 282 61
316 262 61
316 242 61
326 222 61
331 205 61
331 185 61
322 168 61
302 151 61
282 134 61
262 124 61
256 120 62
242 140 62
229 156 62
210 171 62
190 181 62
171 199 62
162 219 62
156 239 62
155 259 62
154 279 62
153 299 62
155 319 62
160 339 62
173 359 62
193 374 62
213 381 62
233 390 62
249 407 62
269 421 62
288 408 62
306 394 62
324 378 62
331 361 62
331 341 62
327 324 62
323 304 62
319 284 62
317 264 62
317 244 62
327 224 62
332 208 62
331 188 62
324 171 62
305 153 62
285 136 62
265 125 62
257 120 63
243 139 63
231 156 63
212 169 63
192 179 63
173 195 63
162 215 63
156 235 63
153 255 63
153 275 63
151 295 63
153 315 63
157 335 63
168 355 63
188 372 63
208 380 63
228 389 63
245 403 63
265 420 63
285 412 63
304 398 63
322 381 63
330 364 63
331 344 63
327 330 63
327 310 63
320 290 63
319 270 63
318 250 63
324 230 63
332 212 63
331 192 63
327 175 63
309 156 63
289 139 63
269 127 63
257 120 64
243 140 64
230 156 64
211 168 64
191 178 64
171 195 64
160 215 64
154 235 64
151 255 64
150 275 64
149 295 64
151 315 64
156 335 64
167 355 64
186 372 64
206 380 64
226 389 64
244 401 64
263 419 64
283 414 64
303 400 64
321 382 64
330 364 64
331 344 64
327 330 64
328 310 64
321 290 64
320 270 64
319 250 64
326 230 64
331 210 64
330 190 64
325 172 64
305 153 64
285 135 64
265 123 64
259 119 65
244 138 65
232 156 65
212 167 65
192 176 65
173 192 65
160 212 65
153 232 65
149 252 65
148 272 65
147 292 65
149 312 65
154 332 65
163 352 65
182 370 65
202 379 65
222 388 65
241 397 65
260 416 65
280 417 65
300 403 65
317 386 65
327 366 65
331 348 65
327 334 65
328 314 65
323 294 65
321 274 65
320 254 65
324 234 65
330 214 65
330 194 65
328 177 65
310 157 65
290 139 65
271 126 65
260 119 66
244 138 66
233 156 66
213 166 66
193 174 66
173 190 66
159 210 66
152 230 66
147 250 66
147 270 66
146 290 66
148 310 66
152 330 66
161 350 66
178 369 66
198 379 66
218 388 66
238 394 66
257 413 66
277 419 66
297 405 66
315 388 66
326 368 66
331 351 66
339 338 66
327 329 66
329 309 66
325 289 66
323 269 66
322 249 66
327 229 66
330 209 66
330 189 66
323 171 66
304 151 66
284 134 66
264 122 66
261 119 67
244 137 67
234 156 67
214 164 67
194 172 67
174 187 67
159 207 67
152 227 67
146 247 67
145 267 67
145 287 67
146 307 67
150 327 67
157 346 67
173 366 67
193 378 67
213 387 67
233 392 67
252 408 67
271 421 67
291 409 67
309 395 67
323 376 67
331 359 67
328 346 67
327 326 67
329 307 67
327 287 67
326 267 67
325 247 67
328 227 67
329 207 67
331 188 67
321 170 67
303 150 67
283 133 67
263 120 67
261 119 68
244 137 68
234 156 68
214 163 68
194 171 68
174 186 68
158 206 68
151 226 68
145 246 68
144 266 68
144 286 68
145 306 68
149 326 68
156 346 68
171 366 68
191 378 68
211 387 68
231 392 68
250 406 68
270 421 68
290 411 68
310 395 68
323 375 68
329 356 68
339 345 68
335 346 68
327 333 68
330 314 68
330 294 68
329 274 68
329 254 68
329 234 68
329 214 68
328 194 68
326 177 68
310 157 68
290 139 68
270 124 68
261 119 69
244 137 69
234 156 69
214 162 69
194 170 69
174 184 69
158 204 69
150 224 69
145 244 69
143 264 69
143 284 69
143 304 69
147 324 69
153 343 69
167 363 69
187 378 69
207 386 69
227 392 69
246 403 69
266 419 69
286 414 69
306 399 69
321 379 69
328 359 69
327 344 69
327 324 69
330 304 69
330 284 69
329 264 69
329 244 69
329 224 69
328 204 69
330 187 69
319 168 69
302 149 69
282 132 69
262 119 69
262 119 70
246 136 70
235 155 70
215 160 70
195 168 70
175 182 70
158 202 70
149 222 70
144 242 70
142 262 70
143 282 70
142 302 70
145 322 70
152 341 70
164 361 70
183 377 70
203 386 70
223 392 70
243 400 70
263 417 70
283 416 70
303 401 70
318 384 70
325 364 70
332 346 70
336 338 70
327 339 70
328 319 70
330 299 70
329 279 70
329 259 70
329 239 70
329 219 70
328 199 70
325 179 70
312 159 70
293 141 70
274 125 70
262 119 71
246 136 71
234 155 71
214 160 71
194 168 71
174 181 71
157 201 71
149 221 71
144 241 71
141 261 71
142 281 71
141 301 71
144 321 71
150 341 71
162 361 71
182 377 71
202 386 71
222 392 71
242 399 71
261 415 71
281 417 71
301 403 71
318 386 71
324 366 71
330 348 71
337 337 71
327 337 71
328 317 71
330 297 71
329 277 71
329 257 71
329 237 71
329 217 71
328 197 71
323 177 71
310 157 71
291 139 71
273 125 71
262 119 72
245 137 72
233 155 72
213 159 72
193 167 72
173 180 72
158 199 72
148 219 72
143 239 72
140 259 72
141 279 72
140 299 72
143 319 72
148 339 72
160 359 72
179 377 72
199 386 72
219 392 72
239 397 72
259 412 72
279 418 72
299 405 72
317 388 72
323 368 72
331 351 72
339 338 72
327 336 72
329 316 72
330 296 72
329 276 72
329 256 72
329 236 72
329 216 72
328 196 72
322 176 72
309 156 72
290 137 72
271 124 72
263 119 73
246 136 73
233 155 73
213 158 73
193 166 73
173 179 73
157 199 73
147 219 73
142 239 73
139 259 73
140 279 73
139 299 73
142 319 73
148 339 73
159 359 73
177 376 73
197 386 73
217 393 73
237 396 73
257 409 73
276 420 73
296 408 73
314 391 73
322 371 73
330 353 73
339 340 73
327 336 73
329 316 73
329 296 73
329 276 73
329 256 73
329 236 73
329 216 73
328 196 73
322 176 73
309 156 73
289 136 73
269 122 73
263 119 74
246 136 74
232 155 74
212 158 74
192 165 74
172 178 74
156 198 74
147 218 74
142 238 74
138 258 74
140 278 74
138 298 74
141 318 74
146 338 74
157 358 74
175 376 74
195 386 74
215 393 74
235 396 74
255 408 74
275 420 74
295 408 74
314 391 74
322 371 74
329 352 74
339 340 74
327 332 74
329 312 74
329 292 74
329 272 74
329 252 74
329 232 74
329 212 74
326 192 74
320 172 74
305 152 74
285 133 74
266 119 74
263 119 75
247 136 75
231 154 75
211 157 75
191 165 75
171 177 75
156 197 75
146 217 75
141 237 75
138 257 75
139 277 75
137 297 75
140 317 75
145 337 75
155 357 75
173 376 75
193 386 75
213 394 75
233 396 75
253 406 75
273 420 75
293 409 75
312 393 75
322 374 75
327 354 75
336 341 75
327 335 75
329 315 75
329 295 75
329 275 75
329 255 75
329 235 75
328 215 75
327 195 75
320 175 75
308 155 75
289 136 75
270 123 75
264 119 76
247 135 76
232 153 76
212 156 76
192 164 76
172 175 76
156 195 76
146 215 76
141 235 76
138 255 76
138 275 76
137 295 76
138 315 76
143 335 76
153 355 76
169 374 76
189 385 76
209 393 76
229 396 76
249 405 76
269 418 76
289 412 76
308 398 76
320 378 76
326 358 76
331 340 76
328 338 76
328 318 76
329 298 76
329 278 76
329 258 76
329 238 76
329 218 76
328 198 76
321 178 76
310 158 76
292 138 76
273 125 76
264 119 77
247 135 77
231 153 77
211 156 77
191 163 77
171 175 77
155 194 77
146 214 77
141 234 77
137 254 77
137 274 77
137 294 77
138 314 77
142 334 77
151 354 77
167 374 77
187 385 77
207 393 77
227 396 77
247 404 77
267 417 77
287 414 77
307 399 77
320 379 77
325 359 77
332 342 77
331 338 77
327 321 77
329 301 77
329 281 77
329 261 77
329 241 77
328 221 77
328 201 77
322 181 77
312 161 77
295 141 77
276 126 77
265 119 78
248 134 78
233 151 78
213 155 78
193 162 78
173 172 78
156 191 78
146 211 78
141 231 78
137 251 78
137 271 78
136 291 78
137 311 78
140 331 78
149 351 78
163 371 78
183 384 78
203 392 78
223 396 78
243 403 78
263 413 78
283 416 78
303 402 78
318 383 78
324 363 78
331 346 78
335 338 78
327 325 78
329 305 78
329 285 78
329 265 78
329 245 78
328 225 78
328 205 78
322 185 78
315 165 78
299 145 78
281 130 78
265 119 79
248 134 79
230 151 79
210 155 79
190 163 79
170 174 79
154 193 79
144 213 79
140 233 79
136 253 79
137 273 79
136 293 79
136 313 79
140 333 79
149 353 79
164 373 79
184 385 79
204 393 79
224 397 79
244 404 79
264 413 79
284 415 79
304 401 79
318 382 79
324 362 79
331 345 79
336 339 79
327 328 79
329 308 79
329 288 79
329 268 79
329 248 79
328 228 79
328 208 79
323 188 79
316 168 79
301 148 79
281 130 79
266 119 80
248 133 80
232 149 80
212 154 80
192 161 80
172 171 80
155 190 80
145 210 80
139 230 80
136 250 80
137 270 80
135 290 80
135 310 80
138 330 80
147 350 80
160 370 80
180 384 80
200 392 80
220 397 80
240 403 80
260 409 80
280 418 80
300 404 80
316 385 80
323 365 80
327 345 80
327 325 80
329 305 80
329 285 80
328 265 80
328 245 80
328 225 80
328 205 80
322 186 80
314 166 80
299 146 80
279 128 80
267 119 81
249 132 81
232 147 81
212 153 81
192 161 81
172 170 81
155 189 81
145 209 81
139 229 81
136 249 81
136 269 81
135 289 81
134 309 81
138 329 81
146 349 81
158 369 81
178 384 81
198 392 81
218 397 81
238 403 81
258 408 81
278 419 81
298 405 81
315 387 81
323 367 81
327 347 81
327 327 81
329 307 81
329 287 81
328 267 81
328 247 81
328 227 81
328 207 81
322 187 81
314 167 81
300 147 81
281 130 81
264 120 82
248 135 82
229 148 82
209 153 82
189 161 82
169 172 82
153 191 82
144 211 82
138 231 82
135 251 82
136 271 82
135 291 82
134 311 82
138 331 82
147 351 82
160 371 82
179 385 82
199 393 82
219 398 82
239 403 82
259 409 82
279 418 82
299 404 82
315 386 82
323 366 82
327 346 82
327 326 82
329 306 82
329 286 82
328 266 82
328 246 82
328 226 82
327 206 82
321 186 82
313 166 82
298 146 82
279 128 82
265 120 83
248 134 83
230 146 83
210 153 83
190 160 83
170 170 83
153 190 83
144 210 83
138 230 83
135 250 83
136 270 83
134 290 83
133 310 83
137 330 83
146 350 83
158 370 83
178 385 83
198 393 83
218 398 83
238 404 83
258 408 83
278 418 83
298 405 83
315 386 83
322 366 83
326 346 83
327 326 83
329 306 83
329 286 83
328 266 83
329 246 83
328 226 83
327 206 83
320 186 83
312 166 83
298 146 83
278 127 83
266 120 84
249 133 84
231 144 84
211 152 84
191 159 84
171 169 84
154 188 84
144 208 84
138 228 84
135 248 84
135 268 84
134 288 84
133 308 84
136 328 84
145 348 84
157 368 84
176 384 84
196 393 84
216 398 84
236 404 84
256 407 84
276 418 84
296 406 84
314 387 84
322 367 84
327 347 84
327 327 84
329 307 84
328 287 84
328 267 84
328 247 84
328 227 84
327 207 84
321 187 84
313 167 84
298 147 84
279 128 84
268 120 85
250 131 85
233 142 85
213 150 85
193 157 85
173 167 85
155 185 85
145 205 85
138 225 85
135 245 85
135 265 85
134 285 85
132 305 85
134 325 85
142 345 85
154 365 85
172 382 85
192 392 85
212 398 85
232 403 85
252 407 85
272 417 85
292 408 85
311 391 85
320 371 85
327 351 85
327 342 85
327 322 85
329 302 85
328 282 85
328 262 85
328 242 85
328 222 85
327 202 85
318 182 85
309 162 85
293 142 85
274 125 85
264 121 86
247 136 86
228 143 86
208 151 86
188 159 86
168 170 86
152 189 86
143 209 86
137 229 86
134 249 86
135 269 86
133 289 86
132 309 86
135 329 86
144 349 86
156 369 86
176 385 86
196 394 86
216 399 86
236 405 86
256 408 86
276 418 86
296 405 86
314 386 86
321 366 86
328 346 86
334 340 86
327 325 86
329 305 86
328 285 86
328 265 86
328 245 86
328 225 86
327 205 86
319 185 86
310 165 86
295 145 86
276 127 86
265 121 87
248 135 87
228 143 87
208 150 87
188 158 87
168 169 87
151 188 87
143 208 87
136 228 87
134 248 87
135 268 87
133 288 87
132 308 87
135 328 87
144 348 87
155 368 87
174 384 87
194 393 87
214 399 87
234 405 87
254 408 87
274 417 87
294 406 87
312 387 87
321 367 87
327 347 87
334 341 87
327 326 87
329 306 87
329 286 87
329 266 87
328 246 87
328 226 87
328 206 87
319 186 87
310 166 87
295 146 87
277 128 87
267 121 88
249 133 88
230 142 88
210 149 88
190 157 88
170 167 88
152 186 88
143 206 88
137 226 88
133 246 88
134 266 88
133 286 88
132 306 88
134 326 88
142 346 88
153 366 88
172 383 88
192 393 88
212 400 88
232 405 88
252 408 88
272 415 88
292 407 88
310 389 88
320 369 88
326 349 88
332 337 88
327 320 88
328 300 88
328 280 88
328 260 88
328 240 88
327 220 88
327 200 88
316 181 88
306 161 88
290 141 88
271 124 88
262 122 89
244 139 89
224 143 89
204 150 89
184 159 89
164 172 89
149 191 89
141 211 89
135 231 89
133 251 89
134 271 89
133 291 89
131 311 89
136 331 89
145 351 89
157 371 89
177 386 89
197 395 89
217 402 89
237 407 89
257 409 89
277 417 89
296 402 89
313 383 89
322 363 89
330 345 89
331 330 89
328 313 89
328 293 89
328 273 89
328 253 89
327 233 89
327 213 89
324 193 89
312 173 89
299 153 89
283 133 89
264 122 89
264 122 90
246 137 90
226 142 90
206 149 90
186 157 90
166 170 90
150 189 90
142 209 90
135 229 90
133 249 90
134 269 90
133 289 90
131 309 90
135 329 90
144 349 90
155 369 90
175 385 90
195 395 90
215 402 90
235 407 90
255 409 90
275 416 90
294 403 90
313 383 90
322 363 90
330 345 90
331 330 90
328 312 90
328 292 90
328 272 90
328 252 90
327 232 90
327 212 90
324 193 90
311 173 90
298 153 90
282 133 90
266 122 91
248 135 91
228 141 91
208 148 91
188 156 91
168 168 91
150 187 91
142 207 91
136 227 91
132 247 91
134 267 91
133 287 91
132 307 91
134 327 91
142 347 91
154 367 91
173 384 91
193 394 91
213 401 91
233 407 91
253 409 91
273 414 91
292 405 91
310 385 91
321 365 91
329 346 91
331 328 91
328 310 91
328 290 91
328 270 91
327 250 91
327 230 91
327 210 91
322 190 91
309 170 91
295 150 91
280 131 91
263 123 92
244 138 92
224 141 92
204 149 92
184 157 92
164 170 92
148 190 92
141 210 92
135 230 92
132 250 92
134 270 92
133 290 92
132 310 92
135 330 92
144 350 92
156 370 92
176 386 92
196 396 92
216 403 92
236 408 92
256 409 92
276 415 92
294 401 92
311 382 92
322 362 92
331 345 92
331 325 92
328 307 92
328 287 92
328 267 92
327 247 92
327 227 92
326 207 92
319 187 92
306 167 92
292 147 92
277 130 92
261 124 93
242 138 93
222 142 93
202 149 93
182 158 93
162 172 93
147 192 93
140 212 93
134 232 93
132 252 93
134 272 93
133 292 93
132 312 93
136 332 93
145 352 93
158 372 93
178 387 93
198 397 93
218 404 93
238 408 93
258 410 93
278 414 93
295 398 93
313 378 93
323 358 93
331 341 93
329 325 93
328 305 93
328 285 93
327 265 93
327 245 93
327 225 93
326 205 93
318 185 93
304 165 93
290 145 93
274 128 93
262 124 94
243 138 94
223 141 94
203 148 94
183 157 94
163 171 94
148 191 94
140 211 94
134 231 94
131 251 94
133 271 94
133 291 94
132 311 94
136 331 94
144 351 94
157 371 94
177 387 94
197 397 94
217 404 94
237 409 94
257 410 94
277 413 94
294 397 94
312 377 94
324 357 94
331 340 94
328 322 94
328 302 94
328 282 94
327 262 94
327 242 94
326 222 94
326 202 94
316 183 94
302 163 94
288 143 94
272 125 94
262 125 95
242 138 95
222 141 95
202 148 95
182 157 95
162 171 95
147 191 95
140 211 95
134 231 95
131 251 95
134 271 95
133 291 95
132 311 95
136 331 95
144 351 95
157 371 95
177 387 95
197 398 95
217 405 95
237 409 95
257 410 95
277 412 95
294 396 95
312 376 95
325 356 95
333 340 95
328 323 95
328 303 95
328 283 95
327 263 95
327 243 95
326 223 95
326 203 95
316 184 95
301 164 95
287 144 95
272 126 95
261 126 96
241 138 96
221 141 96
201 148 96
181 157 96
161 172 96
147 192 96
139 212 96
134 232 96
131 252 96
134 272 96
133 292 96
132 312 96
136 332 96
144 352 96
158 372 96
178 389 96
198 399 96
218 406 96
238 410 96
258 410 96
278 411 96
295 393 96
314 373 96
326 353 96
333 337 96
328 320 96
328 300 96
327 280 96
327 260 96
327 240 96
326 220 96
326 200 96
314 181 96
298 161 96
285 141 96
269 127 96
261 127 97
241 137 97
221 141 97
201 148 97
181 157 97
161 172 97
146 192 97
139 212 97
134 232 97
132 252 97
135 272 97
134 292 97
132 312 97
136 332 97
144 352 97
159 372 97
178 389 97
198 399 97
218 406 97
238 410 97
258 410 97
278 409 97
295 392 97
314 372 97
326 352 97
333 336 97
328 320 97
328 300 97
327 280 97
327 260 97
326 240 97
326 220 97
326 200 97
314 181 97
297 161 97
284 141 97
267 127 97
260 128 98
240 137 98
220 141 98
200 148 98
180 157 98
160 172 98
146 192 98
139 212 98
134 232 98
132 252 98
135 272 98
134 292 98
132 312 98
136 332 98
144 352 98
158 372 98
178 389 98
198 399 98
218 406 98
238 410 98
258 410 98
278 408 98
296 390 98
315 371 98
326 351 98
333 335 98
328 317 98
328 297 98
327 277 98
327 257 98
326 237 98
326 217 98
325 197 98
310 177 98
294 157 98
278 137 98
261 128 98
259 129 99
239 137 99
219 141 99
199 148 99
179 157 99
159 173 99
146 193 99
138 213 99
134 233 99
132 253 99
136 273 99
135 293 99
132 313 99
136 333 99
145 353 99
159 373 99
179 390 99
199 400 99
219 407 99
239 410 99
259 410 99
279 406 99
298 388 99
317 368 99
327 348 99
332 332 99
328 315 99
328 295 99
327 275 99
327 255 99
326 235 99
326 215 99
324 195 99
309 175 99
292 155 99
277 136 99
259 130 100
239 137 100
219 141 100
199 148 100
179 157 100
159 173 100
145 193 100
138 213 100
134 233 100
132 253 100
137 273 100
135 293 100
132 313 100
136 333 100
145 353 100
159 373 100
178 390 100
198 400 100
218 407 100
238 410 100
258 410 100
278 406 100
297 388 100
316 368 100
327 348 100
332 333 100
328 316 100
328 296 100
327 276 100
327 256 100
326 236 100
326 216 100
325 196 100
309 176 100
292 156 100
278 137 100
259 130 100
258 131 101
238 137 101
218 141 101
198 148 101
178 157 101
159 173 101
145 193 101
137 213 101
134 233 101
133 253 101
137 273 101
136 293 101
132 313 101
136 333 101
145 353 101
158 373 101
178 390 101
198 400 101
218 407 101
238 410 101
258 410 101
278 405 101
297 387 101
316 368 101
327 348 101
332 333 101
328 316 101
329 296 101
327 276 101
327 256 101
326 236 101
326 216 101
325 196 101
309 176 101
292 156 101
277 137 101
257 132 102
237 137 102
217 142 102
197 148 102
177 158 102
158 174 102
145 194 102
137 214 102
133 234 102
133 254 102
138 274 102
136 294 102
133 314 102
136 334 102
145 354 102
159 374 102
177 390 102
197 400 102
217 407 102
237 410 102
257 409 102
277 404 102
297 387 102
316 367 102
327 347 102
332 332 102
328 315 102
328 295 102
327 275 102
326 255 102
326 235 102
326 215 102
324 195 102
309 175 102
291 155 102
274 137 102
256 133 103
236 137 103
216 142 103
196 148 103
176 158 103
157 175 103
144 195 103
136 215 103
133 235 103
134 255 103
139 275 103
136 295 103
133 315 103
137 335 103
145 355 103
159 375 103
179 392 103
199 402 103
219 408 103
239 410 103
259 409 103
279 402 103
299 385 103
318 365 103
329 346 103
332 328 103
328 311 103
327 291 103
326 271 103
326 251 103
326 231 103
325 211 103
322 192 103
306 172 103
289 152 103
270 135 103
254 134 104
234 137 104
214 142 104
194 149 104
174 159 104
156 176 104
143 196 104
136 216 104
133 236 104
135 256 104
139 276 104
137 296 104
133 316 104
137 336 104
146 356 104
160 376 104
180 393 104
200 402 104
220 408 104
240 410 104
260 408 104
280 400 104
300 383 104
318 364 104
330 346 104
332 328 104
328 311 104
328 291 104
326 271 104
326 251 104
326 231 104
325 211 104
322 192 104
307 172 104
289 153 104
272 138 104
250 135 105
230 138 105
210 144 105
190 150 105
170 161 105
152 181 105
141 201 105
135 221 105
133 241 105
136 261 105
140 281 105
136 301 105
134 321 105
139 341 105
148 361 105
165 381 105
185 396 105
205 405 105
225 409 105
245 410 105
265 407 105
285 396 105
305 378 105
321 360 105
331 343 105
330 325 105
328 306 105
327 286 105
326 266 105
326 246 105
325 226 105
325 206 105
318 187 105
303 167 105
284 148 105
265 136 105
245 136 106
225 140 106
205 145 106
185 152 106
165 165 106
149 185 106
139 205 106
134 225 106
133 245 106
138 265 106
140 285 106
135 305 106
135 325 106
140 345 106
151 365 106
169 385 106
189 399 106
209 406 106
229 409 106
249 409 106
269 405 106
289 392 106
309 374 106
324 354 106
331 338 106
327 321 106
329 301 106
326 282 106
326 262 106
326 242 106
325 222 106
325 202 106
316 183 106
299 164 106
281 146 106
262 136 106
245 136 107
225 139 107
205 145 107
185 152 107
165 165 107
149 185 107
139 205 107
134 225 107
134 245 107
138 265 107
140 285 107
135 305 107
135 325 107
140 345 107
150 365 107
168 384 107
187 399 107
207 406 107
227 409 107
247 409 107
267 405 107
287 393 107
307 376 107
323 356 107
332 340 107
335 329 107
329 314 107
329 294 107
326 275 107
326 255 107
325 235 107
325 215 107
323 195 107
310 175 107
292 157 107
274 140 107
254 136 107
247 137 108
227 139 108
207 144 108
187 151 108
167 163 108
150 182 108
139 202 108
134 222 108
134 242 108
137 262 108
140 282 108
136 302 108
135 322 108
139 342 108
147 362 108
165 381 108
185 398 108
205 407 108
225 409 108
245 409 108
265 405 108
285 394 108
305 378 108
321 358 108
332 342 108
329 325 108
329 305 108
328 285 108
326 266 108
326 246 108
325 226 108
325 206 108
318 186 108
302 166 108
284 147 108
265 137 108
233 138 109
213 142 109
193 149 109
173 158 109
154 176 109
142 196 109
135 216 109
134 236 109
136 256 109
140 276 109
137 296 109
135 316 109
138 336 109
144 356 109
158 375 109
177 393 109
197 404 109
217 409 109
237 409 109
257 407 109
277 400 109
297 385 109
316 366 109
327 346 109
332 330 109
328 313 109
329 293 109
329 273 109
328 255 109
326 236 109
325 216 109
325 196 109
311 176 109
293 157 109
276 140 109
256 138 109
236 138 109
233 138 110
213 142 110
193 148 110
173 158 110
154 175 110
142 195 110
134 215 110
134 235 110
136 255 110
140 275 110
137 295 110
135 315 110
138 335 110
144 355 110
157 374 110
176 393 110
196 404 110
216 409 110
236 409 110
256 407 110
276 400 110
296 386 110
314 368 110
325 348 110
332 332 110
328 315 110
328 295 110
326 279 110
328 260 110
325 242 110
325 222 110
324 202 110
316 182 110
298 162 110
280 143 110
260 139 110
240 138 110
235 138 111
215 142 111
195 148 111
175 156 111
156 172 111
143 192 111
135 212 111
133 232 111
134 252 111
138 272 111
137 292 111
135 312 111
137 332 111
142 352 111
154 372 111
172 390 111
192 403 111
212 408 111
232 409 111
252 407 111
272 401 111
292 389 111
312 370 111
325 350 111
332 334 111
326 317 111
326 297 111
326 277 111
325 257 111
325 237 111
324 217 111
324 197 111
312 177 111
293 157 111
276 140 111
256 139 111
236 138 111
234 138 112
214 141 112
194 148 112
174 156 112
154 173 112
141 193 112
134 213 112
132 233 112
134 253 112
138 273 112
136 293 112
135 313 112
137 333 112
143 353 112
154 373 112
172 391 112
192 403 112
212 408 112
232 409 112
252 407 112
272 401 112
292 389 112
311 370 112
324 350 112
332 334 112
326 317 112
326 297 112
325 277 112
325 257 112
325 237 112
324 217 112
324 197 112
312 177 112
293 157 112
276 141 112
256 139 112
236 138 112
232 138 113
212 142 113
192 148 113
172 158 113
153 174 113
140 194 113
133 214 113
132 234 113
134 254 113
138 274 113
136 294 113
135 314 113
137 334 113
143 354 113
155 373 113
174 393 113
194 404 113
214 408 113
234 409 113
254 407 113
274 400 113
294 387 113
314 367 113
325 347 113
332 330 113
326 313 113
326 293 113
325 273 113
325 253 113
324 233 113
324 213 113
324 193 113
309 173 113
289 153 113
272 141 113
252 139 113
232 138 113
229 138 114
209 142 114
189 150 114
169 159 114
150 177 114
137 197 114
132 217 114
131 237 114
134 257 114
138 277 114
135 297 114
135 317 114
138 337 114
144 357 114
157 376 114
176 395 114
196 404 114
216 409 114
236 409 114
256 406 114
276 398 114
296 384 114
314 366 114
325 346 114
332 329 114
326 311 114
325 291 114
325 271 114
325 251 114
324 231 114
324 211 114
322 191 114
307 171 114
288 151 114
270 141 114
250 139 114
230 138 114
228 138 115
208 142 115
188 150 115
168 160 115
148 178 115
136 198 115
131 218 115
131 238 115
134 258 115
138 278 115
135 298 115
134 318 115
138 338 115
144 358 115
157 376 115
175 395 115
195 403 115
215 409 115
235 409 115
255 406 115
275 399 115
295 385 115
314 365 115
326 345 115
331 328 115
326 310 115
325 290 115
325 270 115
325 250 115
324 230 115
324 210 115
321 190 115
306 170 115
287 150 115
269 142 115
249 139 115
229 138 115
227 138 116
207 142 116
187 150 116
167 162 116
147 179 116
135 199 116
130 219 116
130 239 116
134 259 116
138 279 116
135 299 116
134 319 116
137 339 116
144 359 116
159 379 116
177 395 116
197 404 116
217 409 116
237 409 116
257 405 116
277 397 116
297 383 116
315 364 116
326 344 116
331 327 116
326 309 116
325 289 116
325 269 116
325 249 116
324 229 116
324 209 116
321 189 116
305 169 116
286 149 116
267 142 116
247 139 116
227 138 116
226 138 117
206 142 117
186 151 117
166 163 117
146 180 117
135 200 117
130 220 117
130 240 117
134 260 117
139 280 117
135 300 117
134 320 117
138 340 117
144 360 117
159 380 117
179 396 117
199 404 117
219 409 117
239 409 117
259 404 117
279 396 117
298 381 117
316 362 117
327 342 117
331 325 117
326 307 117
325 287 117
325 267 117
324 247 117
324 227 117
324 207 117
319 187 117
303 167 117
285 147 117
265 142 117
245 139 117
225 138 118
205 142 118
185 151 118
165 164 118
145 181 118
134 201 118
129 221 118
129 241 118
135 261 118
140 281 118
135 301 118
134 321 118
137 341 118
144 361 118
160 381 118
180 396 118
200 404 118
220 410 118
240 409 118
260 404 118
280 395 118
300 380 118
317 360 118
328 340 118
329 325 118
326 305 118
325 285 118
325 265 118
324 245 118
324 225 118
323 205 118
317 185 118
301 165 118
283 146 118
263 142 118
243 138 118
231 137 119
211 141 119
191 147 119
171 161 119
151 175 119
136 195 119
130 215 119
128 235 119
133 255 119
141 275 119
137 295 119
133 315 119
135 335 119
141 355 119
153 375 119
173 392 119
193 401 119
213 408 119
233 410 119
253 406 119
273 398 119
293 387 119
311 367 119
325 347 119
331 330 119
325 313 119
326 293 119
325 278 119
325 258 119
324 238 119
324 218 119
323 198 119
311 178 119
294 158 119
276 144 119
256 141 119
236 137 119
230 137 120
210 141 120
190 148 120
170 162 120
150 177 120
135 196 120
129 216 120
128 236 120
134 256 120
142 276 120
137 296 120
132 316 120
135 336 120
141 356 120
153 376 120
173 391 120
193 401 120
213 408 120
233 410 120
253 405 120
273 398 120
293 387 120
311 367 120
325 347 120
331 330 120
325 313 120
325 293 120
325 277 120
324 257 120
324 237 120
323 217 120
323 197 120
310 177 120
294 158 120
276 144 120
256 141 120
236 137 120
229 137 121
209 142 121
189 149 121
169 163 121
149 178 121
135 197 121
128 217 121
128 237 121
134 257 121
142 277 121
137 297 121
132 317 121
134 337 121
140 357 121
153 377 121
171 390 121
156 370 121
156 354 121
176 356 121
182 374 121
178 392 121
190 400 121
210 408 121
230 410 121
250 406 121
270 399 121
290 389 121
309 370 121
323 350 121
331 333 121
325 316 121
325 296 121
325 280 121
324 260 121
324 240 121
323 220 121
323 200 121
312 180 121
296 160 121
278 145 121
258 142 121
238 137 121
227 137 122
207 142 122
187 150 122
167 165 122
147 180 122
133 200 122
128 220 122
129 240 122
136 260 122
143 280 122
136 300 122
131 320 122
134 340 122
141 360 122
154 379 122
165 384 122
153 364 122
164 355 122
181 362 122
182 382 122
177 393 122
197 403 122
217 409 122
237 409 122
257 404 122
277 396 122
297 383 122
314 363 122
326 343 122
327 329 122
325 309 122
325 289 122
324 269 122
324 249 122
323 229 122
323 209 122
320 190 122
304 170 122
287 150 122
268 144 122
248 140 122
228 137 122
226 137 123
206 143 123
186 151 123
166 166 123
146 181 123
133 201 123
127 221 123
129 241 123
138 261 123
143 281 123
136 301 123
131 321 123
134 341 123
141 361 123
156 381 123
159 377 123
152 357 123
171 356 123
181 371 123
183 391 123
190 400 123
210 408 123
230 410 123
250 406 123
270 399 123
290 389 123
308 372 123
321 352 123
331 335 123
325 318 123
325 298 123
324 278 123
324 258 123
324 238 123
323 218 123
323 198 123
310 178 123
294 158 123
276 145 123
256 141 123
236 137 123
225 137 124
205 143 124
185 152 124
165 167 124
145 183 124
132 202 124
127 222 124
130 242 124
139 262 124
143 282 124
136 302 124
131 322 124
133 342 124
140 362 124
156 381 124
157 374 124
154 355 124
174 357 124
181 377 124
178 393 124
196 403 124
216 408 124
236 410 124
256 404 124
276 396 124
296 384 124
312 365 124
324 345 124
327 331 124
325 311 124
327 293 124
324 275 124
324 255 124
323 235 124
323 215 124
322 195 124
308 175 124
292 155 124
273 145 124
253 140 124
233 137 124
224 137 125
204 144 125
184 153 125
164 168 125
144 184 125
131 204 125
127 224 125
131 244 125
140 264 125
143 284 125
135 304 125
130 324 125
133 344 125
141 364 125
158 382 125
155 370 125
158 355 125
177 364 125
184 384 125
182 396 125
202 405 125
222 409 125
242 409 125
262 402 125
282 393 125
302 379 125
316 359 125
327 339 125
327 325 125
325 305 125
329 293 125
324 277 125
324 257 125
323 237 125
323 217 125
322 197 125
309 177 125
293 157 125
275 145 125
255 141 125
235 137 125
231 136 126
211 141 126
191 150 126
171 162 126
151 178 126
134 197 126
128 217 126
130 237 126
138 257 126
143 277 126
138 297 126
132 317 126
131 337 126
136 357 126
151 377 126
155 372 126
156 356 126
175 365 126
183 384 126
183 396 126
203 405 126
223 409 126
243 408 126
263 402 126
283 392 126
303 378 126
316 358 126
327 338 126
326 318 126
326 298 126
324 289 126
324 269 126
324 249 126
323 229 126
323 209 126
318 189 126
303 169 126
287 149 126
267 143 126
247 139 126
223 137 127
203 144 127
183 154 127
163 169 127
143 185 127
131 205 127
128 225 127
134 245 127
141 265 127
143 285 127
136 305 127
131 325 127
132 345 127
140 365 127
158 382 127
151 365 127
164 360 127
180 376 127
178 392 127
192 401 127
212 407 127
232 410 127
252 405 127
272 398 127
292 388 127
309 369 127
321 349 127
327 329 127
325 309 127
332 293 127
324 279 127
331 265 127
323 251 127
323 231 127
323 211 127
320 191 127
304 171 127
288 151 127
268 144 127
248 139 127
228 137 127
224 137 128
204 144 128
184 154 128
164 168 128
144 184 128
131 204 128
129 224 128
134 244 128
141 264 128
143 284 128
137 304 128
131 324 128
131 344 128
139 364 128
157 381 128
151 363 128
169 366 128
183 383 128
179 394 128
199 403 128
219 408 128
239 409 128
259 403 128
279 394 128
299 381 128
313 362 128
325 342 128
326 322 128
327 302 128
328 290 128
324 272 128
324 262 128
323 242 128
323 222 128
322 202 128
312 182 128
297 162 128
279 147 128
259 141 128
239 138 128
226 137 129
206 143 129
186 154 129
166 167 129
146 183 129
132 202 129
129 222 129
134 242 129
141 262 129
143 282 129
138 302 129
132 322 129
130 342 129
137 362 129
155 380 129
155 363 129
175 370 129
183 390 129
179 395 129
199 402 129
219 408 129
239 409 129
259 403 129
279 394 129
299 381 129
313 361 129
325 341 129
325 321 129
331 304 129
331 294 129
324 280 129
327 269 129
324 251 129
323 231 129
323 211 129
320 191 129
304 171 129
288 151 129
268 143 129
248 139 129
228 137 129
229 137 130
209 142 130
189 152 130
169 165 130
149 180 130
133 199 130
129 219 130
135 239 130
140 259 130
144 279 130
140 299 130
134 319 130
130 339 130
135 359 130
152 377 130
159 366 130
178 376 130
175 390 130
185 397 130
205 404 130
225 409 130
245 407 130
265 400 130
285 392 130
304 375 130
317 355 130
327 335 130
325 315 130
331 300 130
330 280 130
324 265 130
323 245 130
323 225 130
322 205 130
315 185 130
300 165 130
282 149 130
262 142 130
242 138 130
230 137 131
210 141 131
190 152 131
170 165 131
150 179 131
134 198 131
130 218 131
136 238 131
141 258 131
144 278 131
141 298 131
135 318 131
130 338 131
134 358 131
151 377 131
163 369 131
181 382 131
167 388 131
185 397 131
205 404 131
225 409 131
245 407 131
265 400 131
285 391 131
304 375 131
317 355 131
326 335 131
325 315 131
331 300 131
330 280 131
325 265 131
323 245 131
323 225 131
323 205 131
314 185 131
300 165 131
281 149 131
261 141 131
241 137 131
231 137 132
211 141 132
191 152 132
171 165 132
151 179 132
135 197 132
131 217 132
137 237 132
141 257 132
144 277 132
142 297 132
137 317 132
131 337 132
134 357 132
150 376 132
161 371 132
176 382 132
172 391 132
192 399 132
212 406 132
232 410 132
252 405 132
272 397 132
292 387 132
309 368 132
320 348 132
326 328 132
330 311 132
331 302 132
330 282 132
330 262 132
327 249 132
324 236 132
328 221 132
328 209 132
321 195 132
307 175 132
292 156 132
273 145 132
253 139 132
233 137 132
232 137 133
212 141 133
192 151 133
172 164 133
152 178 133
135 197 133
133 217 133
138 237 133
141 257 133
145 277 133
143 297 133
138 317 133
132 337 133
134 357 133
149 375 133
169 389 133
189 397 133
209 404 133
229 409 133
249 406 133
269 398 133
289 388 133
307 370 133
320 350 133
326 330 133
324 310 133
330 295 133
323 281 133
323 261 133
323 241 133
322 221 133
322 201 133
312 181 133
296 161 133
277 148 133
257 140 133
237 137 133
241 136 134
221 140 134
201 146 134
181 158 134
161 172 134
141 188 134
133 208 134
138 228 134
141 248 134
144 268 134
145 288 134
141 308 134
136 328 134
132 348 134
140 368 134
160 384 134
180 394 134
200 401 134
220 408 134
240 408 134
260 402 134
280 394 134
300 379 134
315 359 134
324 339 134
324 319 134
324 299 134
323 281 134
323 261 134
323 241 134
322 221 134
322 201 134
311 181 134
296 161 134
277 148 134
257 139 134
239 136 135
219 140 135
199 147 135
179 160 135
159 174 135
140 191 135
134 211 135
140 231 135
143 251 135
146 271 135
146 291 135
141 311 135
136 331 135
133 351 135
143 371 135
163 386 135
183 394 135
203 402 135
223 408 135
243 407 135
263 401 135
283 392 135
303 375 135
316 355 135
325 335 135
324 315 135
324 295 135
323 275 135
323 255 135
323 235 135
322 215 135
320 195 135
307 175 135
290 155 135
270 144 135
250 137 135
238 136 136
218 140 136
198 148 136
178 161 136
158 175 136
140 192 136
137 212 136
142 232 136
144 252 136
147 272 136
146 292 136
142 312 136
137 332 136
134 352 136
144 372 136
164 387 136
184 394 136
204 402 136
224 408 136
244 407 136
264 401 136
284 391 136
302 375 136
316 355 136
324 335 136
324 315 136
323 295 136
323 275 136
323 255 136
322 235 136
322 215 136
320 196 136
308 176 136
291 156 136
271 145 136
251 137 136
236 136 137
216 141 137
196 149 137
176 162 137
156 177 137
140 194 137
139 214 137
143 234 137
145 254 137
147 274 137
146 294 137
142 314 137
138 334 137
135 354 137
146 374 137
166 388 137
186 394 137
206 403 137
226 408 137
246 406 137
266 400 137
286 390 137
304 372 137
318 352 137
324 332 137
323 312 137
323 292 137
323 272 137
322 252 137
322 232 137
322 212 137
317 194 137
306 174 137
289 156 137
269 144 137
249 136 137
243 135 138
223 139 138
203 146 138
183 154 138
166 170 138
146 187 138
139 207 138
144 227 138
145 247 138
147 267 138
148 287 138
144 307 138
141 327 138
136 347 138
141 367 138
160 384 138
180 392 138
200 400 138
220 407 138
240 407 138
260 402 138
280 393 138
300 377 138
314 357 138
322 337 138
323 317 138
323 298 138
323 278 138
322 258 138
322 238 138
322 218 138
320 199 138
310 181 138
295 161 138
275 148 138
255 138 138
236 136 139
216 142 139
196 150 139
179 160 139
159 176 139
143 195 139
144 215 139
146 235 139
146 255 139
148 275 139
147 295 139
144 315 139
141 335 139
137 355 139
148 375 139
168 387 139
188 394 139
208 403 139
228 407 139
248 406 139
268 399 139
288 387 139
307 368 139
318 348 139
323 328 139
323 308 139
323 290 139
322 270 139
322 250 139
322 230 139
321 210 139
313 192 139
302 172 139
284 154 139
264 143 139
244 136 139
239 136 140
219 141 140
199 149 140
181 158 140
162 175 140
145 194 140
145 214 140
147 234 140
147 254 140
149 274 140
148 294 140
146 314 140
143 334 140
139 354 140
148 374 140
168 386 140
188 393 140
208 402 140
228 406 140
248 406 140
268 399 140
288 387 140
306 368 140
317 348 140
322 328 140
323 308 140
323 288 140
322 268 140
322 248 140
322 228 140
317 210 140
311 190 140
300 170 140
281 153 140
261 142 140
241 136 140
238 137 141
218 141 141
198 150 141
181 160 141
162 176 141
147 196 141
148 216 141
149 236 141
148 256 141
150 276 141
148 296 141
147 316 141
144 336 141
141 356 141
143 373 141
162 383 141
182 390 141
202 399 141
222 405 141
242 406 141
262 402 141
282 390 141
301 373 141
313 353 141
320 333 141
323 314 141
323 294 141
322 274 141
322 254 141
318 237 141
317 217 141
314 197 141
304 177 141
288 158 141
268 146 141
248 139 141
235 138 142
215 142 142
195 152 142
179 163 142
160 180 142
149 200 142
150 220 142
150 240 142
149 260 142
151 280 142
149 300 142
148 320 142
145 340 142
142 360 142
145 376 142
164 382 142
184 391 142
204 400 142
224 405 142
244 406 142
264 400 142
284 388 142
303 369 142
314 349 142
319 329 142
320 312 142
323 295 142
322 275 142
322 255 142
318 238 142
322 221 142
316 205 142
309 185 142
295 165 142
277 150 142
257 142 142
237 138 142