24.000 1 230.000 107.610
24.000 1 233.540 107.610
24.000 1 234.730 107.020
24.000 1 236.500 107.020
24.000 1 238.270 106.420
24.000 1 240.050 106.420
24.000 1 241.230 105.830
24.000 1 243.590 105.830
24.000 1 245.370 105.240
24.000 1 246.550 104.650
24.000 1 251.870 104.650
24.000 1 253.650 105.240
24.000 1 255.420 105.240
24.000 1 256.600 105.830
24.000 1 274.340 105.830
24.000 1 275.520 106.420
24.000 1 279.070 106.420
24.000 1 280.250 107.020
24.000 1 282.030 107.020
24.000 1 283.210 107.610
24.000 1 284.980 107.610
24.000 1 286.160 108.200
24.000 1 287.350 108.790
24.000 1 290.890 110.560
24.000 1 292.080 111.750
24.000 1 293.850 112.340
24.000 1 295.030 112.930
24.000 1 296.810 113.520
24.000 1 297.990 114.700
24.000 1 299.170 115.290
24.000 1 299.760 116.480
24.000 1 300.950 117.070
24.000 1 301.540 118.250
24.000 1 303.900 120.610
24.000 1 304.490 121.800
24.000 1 305.680 122.390
24.000 1 306.860 124.750
24.000 1 307.450 125.940
24.000 1 307.450 127.710
24.000 1 308.040 128.890
24.000 1 308.040 139.530
24.000 1 307.450 140.720
24.000 1 307.450 150.770
24.000 1 306.270 153.130
24.000 1 305.680 154.320
24.000 1 304.490 155.500
24.000 1 302.130 157.860
24.000 1 300.950 159.050
24.000 1 299.760 160.230
24.000 1 298.580 160.820
24.000 1 296.220 163.180
24.000 1 294.440 163.780
24.000 1 293.260 164.960
24.000 1 292.080 165.550
24.000 1 290.890 166.140
24.000 1 289.710 167.320
24.000 1 288.530 167.910
24.000 1 286.760 168.510
24.000 1 285.570 169.100
24.000 1 284.390 169.690
24.000 1 282.620 170.280
24.000 1 280.840 170.280
24.000 1 277.300 172.050
24.000 1 274.930 172.050
24.000 1 273.160 172.640
24.000 1 270.790 172.050
24.000 1 261.330 172.050
24.000 1 258.970 170.870
24.000 1 247.730 170.870
24.000 1 246.550 171.460
24.000 1 231.770 171.460
24.000 1 230.590 172.050
24.000 1 228.810 172.050
24.000 1 227.630 172.640
24.000 1 222.310 172.640
24.000 1 221.130 173.240
24.000 1 219.350 173.240
24.000 1 218.170 173.830
24.000 1 214.030 173.830
24.000 1 212.850 173.240
24.000 1 211.080 172.640
24.000 1 209.890 171.460
24.000 1 209.300 170.280
24.000 1 208.120 169.100
24.000 1 207.530 167.910
24.000 1 206.350 166.140
24.000 1 205.750 163.780
24.000 1 205.160 162.590
24.000 1 204.570 160.820
24.000 1 204.570 154.320
24.000 1 205.160 153.130
24.000 1 205.750 150.770
24.000 1 206.350 149.590
24.000 1 206.940 147.810
24.000 1 207.530 146.040
24.000 1 208.120 144.860
24.000 1 208.710 143.670
24.000 1 209.300 141.900
24.000 1 210.480 140.130
24.000 1 211.080 138.940
24.000 1 212.260 136.580
24.000 1 213.440 135.400
24.000 1 214.030 134.210
24.000 1 215.210 133.620
24.000 1 215.810 132.440
24.000 1 216.990 131.260
24.000 1 217.580 130.070
24.000 1 218.170 128.890
24.000 1 219.350 127.710
24.000 1 220.540 127.120
24.000 1 221.720 125.940
24.000 1 222.310 124.750
24.000 1 222.900 123.570
24.000 1 224.080 121.800
24.000 1 224.670 120.610
24.000 1 225.270 119.430
24.000 1 225.270 117.660
24.000 1 225.860 116.480
24.000 1 225.860 114.700
24.000 1 227.040 112.340
24.000 1 227.630 110.560
32.000 1 256.600 103.470
32.000 1 257.780 104.060
32.000 1 258.970 104.650
32.000 1 260.150 105.240
32.000 1 263.700 105.240
32.000 1 264.880 105.830
32.000 1 266.650 106.420
32.000 1 268.430 106.420
32.000 1 270.200 107.020
32.000 1 271.970 107.020
32.000 1 273.160 107.610
32.000 1 276.700 107.610
32.000 1 277.890 108.200
32.000 1 279.660 108.200
32.000 1 280.840 108.790
32.000 1 282.620 108.790
32.000 1 284.980 109.970
32.000 1 289.710 109.970
32.000 1 290.890 110.560
32.000 1 296.220 110.560
32.000 1 297.400 111.150
32.000 1 299.170 111.750
32.000 1 300.950 112.340
32.000 1 302.720 112.340
32.000 1 303.900 112.930
32.000 1 305.680 112.930
32.000 1 308.040 113.520
32.000 1 309.220 114.700
32.000 1 310.410 115.290
32.000 1 311.000 116.480
32.000 1 312.180 117.660
32.000 1 312.770 118.840
32.000 1 313.950 119.430
32.000 1 315.140 121.210
32.000 1 316.320 122.390
32.000 1 317.500 124.750
32.000 1 318.090 125.940
32.000 1 318.680 127.710
32.000 1 318.680 129.480
32.000 1 319.270 130.670
32.000 1 319.270 132.440
32.000 1 319.870 134.210
32.000 1 319.870 136.580
32.000 1 320.460 138.350
32.000 1 320.460 141.900
32.000 1 321.050 143.080
32.000 1 321.050 148.400
32.000 1 320.460 149.590
32.000 1 319.870 150.770
32.000 1 319.870 152.540
32.000 1 319.270 153.720
32.000 1 318.680 154.910
32.000 1 318.680 156.680
32.000 1 318.090 157.860
32.000 1 318.090 159.640
32.000 1 317.500 160.820
32.000 1 316.320 161.410
32.000 1 315.730 162.590
32.000 1 314.540 163.180
32.000 1 313.360 163.780
32.000 1 312.770 164.960
32.000 1 311.590 165.550
32.000 1 311.000 166.730
32.000 1 309.810 167.910
32.000 1 308.630 168.510
32.000 1 308.040 169.690
32.000 1 305.680 170.870
32.000 1 304.490 172.050
32.000 1 302.720 172.640
32.000 1 301.540 173.240
32.000 1 299.760 173.830
32.000 1 296.220 175.600
32.000 1 290.300 175.600
32.000 1 289.120 176.190
32.000 1 285.570 176.190
32.000 1 283.210 177.370
32.000 1 281.430 177.970
32.000 1 280.250 178.560
32.000 1 279.070 179.740
32.000 1 277.300 180.330
32.000 1 276.110 181.510
32.000 1 274.930 182.700
32.000 1 272.570 185.060
32.000 1 271.380 185.650
32.000 1 267.840 186.830
32.000 1 266.650 187.430
32.000 1 257.780 187.430
32.000 1 256.010 186.830
32.000 1 254.830 186.240
32.000 1 253.650 185.060
32.000 1 252.460 183.880
32.000 1 251.280 182.700
32.000 1 250.690 181.510
32.000 1 249.510 180.330
32.000 1 248.920 179.150
32.000 1 248.320 177.970
32.000 1 247.140 177.370
32.000 1 245.960 176.190
32.000 1 244.780 175.600
32.000 1 243.590 174.420
32.000 1 240.050 174.420
32.000 1 238.860 175.010
32.000 1 237.680 174.420
32.000 1 235.910 173.830
32.000 1 234.130 173.240
32.000 1 232.360 172.640
32.000 1 227.040 172.640
32.000 1 225.860 172.050
32.000 1 224.080 172.050
32.000 1 221.720 170.870
32.000 1 219.940 170.280
32.000 1 216.400 168.510
32.000 1 215.810 167.320
32.000 1 214.620 166.140
32.000 1 213.440 164.960
32.000 1 212.850 163.780
32.000 1 211.670 162.000
32.000 1 211.080 160.820
32.000 1 209.890 160.230
32.000 1 208.710 159.050
32.000 1 207.530 157.860
32.000 1 206.350 156.680
32.000 1 205.160 155.500
32.000 1 203.980 154.320
32.000 1 202.800 153.130
32.000 1 202.210 151.950
32.000 1 201.020 150.770
32.000 1 199.840 150.180
32.000 1 198.660 148.990
32.000 1 197.480 145.450
32.000 1 196.890 144.260
32.000 1 196.290 143.080
32.000 1 196.290 139.530
32.000 1 195.700 137.760
32.000 1 195.700 134.210
32.000 1 195.110 132.440
32.000 1 195.110 122.980
32.000 1 195.700 121.800
32.000 1 195.700 120.020
32.000 1 196.290 118.840
32.000 1 196.890 117.070
32.000 1 198.070 115.290
32.000 1 199.840 114.700
32.000 1 201.620 113.520
32.000 1 203.980 112.340
32.000 1 205.750 112.340
32.000 1 206.940 111.750
32.000 1 209.300 111.750
32.000 1 210.480 111.150
32.000 1 212.260 110.560
32.000 1 214.620 110.560
32.000 1 215.810 109.970
32.000 1 219.350 109.970
32.000 1 220.540 109.380
32.000 1 222.310 109.380
32.000 1 223.490 108.790
32.000 1 225.860 108.200
32.000 1 230.000 108.200
32.000 1 231.770 107.610
32.000 1 234.130 107.020
32.000 1 236.500 106.420
32.000 1 238.270 105.830
32.000 1 240.050 105.830
32.000 1 241.230 105.240
32.000 1 243.000 105.240
32.000 1 244.780 104.650
32.000 1 247.140 103.470
32.000 2 276.700 113.520
32.000 2 274.340 114.700
32.000 2 271.970 114.110
32.000 2 270.790 113.520
32.000 2 261.330 113.520
32.000 2 260.150 114.110
32.000 2 252.460 114.110
32.000 2 250.690 114.700
32.000 2 248.920 114.700
32.000 2 247.730 115.290
32.000 2 244.190 115.290
32.000 2 241.820 115.880
32.000 2 240.640 116.480
32.000 2 238.860 117.070
32.000 2 236.500 118.250
32.000 2 235.320 119.430
32.000 2 234.130 120.020
32.000 2 232.950 120.610
32.000 2 231.770 121.210
32.000 2 230.590 121.800
32.000 2 229.400 122.980
32.000 2 228.220 125.340
32.000 2 227.630 126.530
32.000 2 226.450 127.710
32.000 2 225.270 130.070
32.000 2 224.080 130.670
32.000 2 220.540 134.210
32.000 2 219.350 134.800
32.000 2 218.760 135.990
32.000 2 218.170 137.170
32.000 2 217.580 138.940
32.000 2 217.580 140.720
32.000 2 218.760 141.310
32.000 2 221.130 141.900
32.000 2 222.900 141.310
32.000 2 224.080 140.720
32.000 2 225.860 140.130
32.000 2 227.630 139.530
32.000 2 229.400 139.530
32.000 2 230.590 138.350
32.000 2 231.770 137.760
32.000 2 234.130 137.760
32.000 2 235.320 137.170
32.000 2 238.860 135.400
32.000 2 240.050 134.800
32.000 2 241.820 134.210
32.000 2 243.000 133.030
32.000 2 244.190 132.440
32.000 2 246.550 131.260
32.000 2 248.320 130.670
32.000 2 250.690 130.070
32.000 2 251.870 129.480
32.000 2 254.240 129.480
32.000 2 257.780 127.710
32.000 2 258.970 127.120
32.000 2 260.150 126.530
32.000 2 261.330 125.340
32.000 2 262.510 124.160
32.000 2 264.290 123.570
32.000 2 265.470 122.390
32.000 2 266.650 121.800
32.000 2 268.430 121.210
32.000 2 269.610 120.020
32.000 2 271.970 118.840
32.000 2 273.160 117.660
32.000 2 274.340 117.070
32.000 2 274.930 115.880
32.000 2 276.110 114.700
32.000 3 283.800 125.940
32.000 3 282.620 126.530
32.000 3 281.430 127.120
32.000 3 280.840 128.300
32.000 3 278.480 129.480
32.000 3 276.700 130.070
32.000 3 275.520 130.670
32.000 3 274.340 131.260
32.000 3 272.570 131.850
32.000 3 267.240 131.850
32.000 3 265.470 132.440
32.000 3 263.110 133.620
32.000 3 261.920 134.210
32.000 3 260.740 134.800
32.000 3 259.560 135.400
32.000 3 258.380 136.580
32.000 3 257.190 137.760
32.000 3 255.420 138.350
32.000 3 254.240 138.940
32.000 3 253.050 139.530
32.000 3 251.870 140.130
32.000 3 250.690 141.310
32.000 3 249.510 141.900
32.000 3 248.320 143.080
32.000 3 245.960 144.260
32.000 3 244.780 144.860
32.000 3 243.590 145.450
32.000 3 241.230 146.630
32.000 3 240.640 147.810
32.000 3 239.460 148.990
32.000 3 239.460 150.770
32.000 3 240.050 152.540
32.000 3 241.820 153.130
32.000 3 246.550 153.130
32.000 3 247.730 152.540
32.000 3 248.920 151.950
32.000 3 250.690 150.770
32.000 3 253.050 150.180
32.000 3 254.830 149.590
32.000 3 256.600 149.590
32.000 3 257.780 148.990
32.000 3 258.970 148.400
32.000 3 261.330 148.400
32.000 3 262.510 147.810
32.000 3 263.700 147.220
32.000 3 265.470 147.220
32.000 3 267.240 146.630
32.000 3 268.430 146.040
32.000 3 269.610 145.450
32.000 3 271.380 144.860
32.000 3 272.570 144.260
32.000 3 274.930 143.080
32.000 3 276.700 142.490
32.000 3 277.890 141.900
32.000 3 281.430 140.130
32.000 3 282.620 138.940
32.000 3 283.800 138.350
32.000 3 284.390 136.580
32.000 3 284.980 135.400
32.000 3 285.570 134.210
32.000 3 286.160 133.030
32.000 3 286.760 131.260
32.000 3 287.350 130.070
32.000 3 287.940 128.300
32.000 3 287.940 126.530
32.000 3 287.350 125.340
40.000 1 231.770 182.100
40.000 1 228.810 180.330
40.000 1 221.720 177.970
40.000 1 216.400 181.510
40.000 1 215.810 183.880
40.000 1 214.030 191.560
40.000 1 212.850 192.750
40.000 1 206.940 202.210
40.000 1 205.750 202.800
40.000 1 198.070 202.800
40.000 1 196.890 202.210
40.000 1 193.340 192.160
40.000 1 195.700 183.290
40.000 1 196.290 182.100
40.000 1 202.210 176.780
40.000 1 209.300 175.600
40.000 1 210.480 176.190
40.000 1 214.620 179.150
40.000 1 220.540 175.010
40.000 1 221.130 171.460
40.000 1 221.130 170.280
40.000 1 216.400 165.550
40.000 1 215.810 164.370
40.000 1 208.710 157.270
40.000 1 207.530 156.680
40.000 1 205.160 153.130
40.000 1 202.800 150.770
40.000 1 201.620 150.180
40.000 1 195.110 143.670
40.000 1 194.520 142.490
40.000 1 193.340 141.310
40.000 1 191.560 140.130
40.000 1 189.790 138.940
40.000 1 187.430 136.580
40.000 1 186.240 134.800
40.000 1 185.650 133.620
40.000 1 189.200 125.940
40.000 1 189.790 124.750
40.000 1 196.890 114.700
40.000 1 197.480 113.520
40.000 1 206.350 107.610
40.000 1 208.120 107.020
40.000 1 216.400 104.650
40.000 1 217.580 104.060
40.000 1 221.720 102.290
40.000 1 236.500 102.290
40.000 1 251.870 102.880
40.000 1 266.060 105.830
40.000 1 288.530 107.020
40.000 1 302.130 111.750
40.000 1 304.490 112.930
40.000 1 313.360 118.840
40.000 1 316.910 124.160
40.000 1 316.910 125.940
40.000 1 318.680 133.030
40.000 1 319.270 134.210
40.000 1 321.640 137.760
40.000 1 322.230 138.940
40.000 1 322.820 140.130
40.000 1 322.820 141.900
40.000 1 323.410 143.080
40.000 1 324.600 146.040
40.000 1 325.190 147.220
40.000 1 326.960 154.320
40.000 1 327.550 156.680
40.000 1 327.550 160.230
40.000 1 328.140 161.410
40.000 1 327.550 164.370
40.000 1 326.370 165.550
40.000 1 324.600 168.510
40.000 1 323.410 169.100
40.000 1 322.230 169.690
40.000 1 316.910 173.830
40.000 1 315.730 174.420
40.000 1 312.180 177.970
40.000 1 311.000 178.560
40.000 1 309.220 179.150
40.000 1 308.040 180.330
40.000 1 306.270 180.920
40.000 1 305.080 181.510
40.000 1 299.760 183.290
40.000 1 297.990 183.290
40.000 1 296.810 183.880
40.000 1 295.620 184.470
40.000 1 294.440 185.060
40.000 1 292.670 185.650
40.000 1 291.490 186.240
40.000 1 290.300 187.430
40.000 1 289.120 188.020
40.000 1 284.980 190.970
40.000 1 283.800 191.560
40.000 1 277.300 194.520
40.000 1 266.650 194.520
40.000 1 263.700 193.930
40.000 1 261.920 193.930
40.000 1 260.150 194.520
40.000 1 250.690 193.340
40.000 1 248.920 193.340
40.000 1 247.730 192.750
40.000 1 244.780 190.380
40.000 1 243.590 189.790
40.000 1 242.410 189.200
40.000 1 237.680 185.650
40.000 1 235.320 184.470
40.000 1 234.130 183.290
40.000 1 232.950 182.700
40.000 2 273.160 114.700
40.000 2 272.570 112.930
40.000 2 276.110 113.520
40.000 2 278.480 111.750
40.000 2 276.700 110.560
40.000 2 274.340 109.970
40.000 2 268.430 111.150
40.000 2 267.840 110.560
40.000 2 266.650 109.970
40.000 2 257.190 109.970
40.000 2 256.010 110.560
40.000 2 254.240 110.560
40.000 2 252.460 111.150
40.000 2 250.690 111.150
40.000 2 249.510 111.750
40.000 2 234.730 111.750
40.000 2 233.540 112.340
40.000 2 231.770 112.930
40.000 2 227.630 112.930
40.000 2 226.450 113.520
40.000 2 224.670 113.520
40.000 2 223.490 114.110
40.000 2 221.720 114.110
40.000 2 220.540 114.700
40.000 2 219.350 115.290
40.000 2 218.170 115.880
40.000 2 215.810 115.880
40.000 2 214.620 116.480
40.000 2 211.080 118.250
40.000 2 209.300 119.430
40.000 2 208.120 120.020
40.000 2 206.940 121.210
40.000 2 205.750 122.390
40.000 2 205.750 131.850
40.000 2 206.350 133.030
40.000 2 206.940 134.800
40.000 2 207.530 135.990
40.000 2 207.530 137.760
40.000 2 208.120 138.940
40.000 2 208.710 140.130
40.000 2 209.890 140.720
40.000 2 210.480 141.900
40.000 2 211.670 143.080
40.000 2 212.260 144.260
40.000 2 212.850 145.450
40.000 2 213.440 147.810
40.000 2 214.030 149.590
40.000 2 215.210 151.950
40.000 2 216.400 153.130
40.000 2 217.580 153.720
40.000 2 221.130 153.720
40.000 2 222.310 153.130
40.000 2 225.860 153.130
40.000 2 227.040 151.950
40.000 2 229.400 150.770
40.000 2 230.590 150.180
40.000 2 231.770 148.990
40.000 2 232.950 147.810
40.000 2 234.730 147.220
40.000 2 235.910 146.040
40.000 2 238.270 144.860
40.000 2 239.460 144.260
40.000 2 240.640 143.080
40.000 2 241.230 141.310
40.000 2 242.410 140.720
40.000 2 243.000 139.530
40.000 2 244.190 138.350
40.000 2 245.370 137.170
40.000 2 246.550 136.580
40.000 2 247.140 135.400
40.000 2 248.320 134.210
40.000 2 249.510 133.030
40.000 2 250.690 132.440
40.000 2 251.870 131.260
40.000 2 253.050 130.670
40.000 2 254.240 129.480
40.000 2 254.830 128.300
40.000 2 256.010 127.120
40.000 2 256.600 125.940
40.000 2 257.190 124.750
40.000 2 257.780 123.570
40.000 2 258.380 122.390
40.000 2 260.150 121.210
40.000 2 261.330 120.610
40.000 2 262.510 120.020
40.000 2 263.700 118.840
40.000 2 264.880 118.250
40.000 2 266.060 117.070
40.000 2 267.840 116.480
40.000 2 269.020 115.880
40.000 2 270.200 114.700
40.000 3 247.730 146.630
40.000 3 247.730 147.220
40.000 3 247.140 151.950
40.000 3 245.960 152.540
40.000 3 244.780 153.720
40.000 3 243.000 154.320
40.000 3 240.640 155.500
40.000 3 238.860 156.090
40.000 3 237.680 157.270
40.000 3 237.090 158.450
40.000 3 236.500 159.640
40.000 3 236.500 163.180
40.000 3 237.680 163.780
40.000 3 238.270 164.960
40.000 3 239.460 165.550
40.000 3 241.820 166.730
40.000 3 243.590 167.320
40.000 3 245.960 166.730
40.000 3 247.730 166.140
40.000 3 249.510 165.550
40.000 3 251.280 164.960
40.000 3 256.600 164.960
40.000 3 257.780 164.370
40.000 3 260.150 164.370
40.000 3 261.920 163.780
40.000 3 264.290 163.180
40.000 3 266.060 162.590
40.000 3 268.430 162.590
40.000 3 269.610 162.000
40.000 3 275.520 162.000
40.000 3 276.700 161.410
40.000 3 278.480 161.410
40.000 3 279.660 160.230
40.000 3 280.840 159.640
40.000 3 282.620 159.050
40.000 3 283.800 157.860
40.000 3 284.980 156.680
40.000 3 286.160 156.090
40.000 3 286.760 154.910
40.000 3 287.940 153.720
40.000 3 289.120 153.130
40.000 3 289.710 151.950
40.000 3 291.490 151.360
40.000 3 292.080 150.180
40.000 3 293.260 148.990
40.000 3 294.440 146.630
40.000 3 295.620 145.450
40.000 3 295.620 143.670
40.000 3 296.220 142.490
40.000 3 296.220 135.990
40.000 3 295.620 134.800
40.000 3 295.620 133.030
40.000 3 294.440 131.850
40.000 3 293.850 130.670
40.000 3 292.080 130.670
40.000 3 290.890 130.070
40.000 3 277.300 130.070
40.000 3 275.520 130.670
40.000 3 273.750 130.670
40.000 3 271.970 131.260
40.000 3 270.790 131.850
40.000 3 269.020 132.440
40.000 3 267.240 132.440
40.000 3 263.700 134.210
40.000 3 261.920 134.800
40.000 3 260.740 135.990
40.000 3 259.560 137.170
40.000 3 258.970 138.350
40.000 3 257.190 139.530
40.000 3 256.600 140.720
40.000 3 255.420 141.310
40.000 3 254.830 142.490
40.000 3 253.650 143.670
40.000 3 252.460 144.260
40.000 3 251.280 144.860
40.000 3 248.920 146.040
48.000 1 219.940 183.880
48.000 1 219.940 185.060
48.000 1 218.760 192.750
48.000 1 211.080 196.290
48.000 1 203.390 192.750
48.000 1 198.660 189.200
48.000 1 198.660 180.920
48.000 1 205.160 176.780
48.000 1 201.620 174.420
48.000 1 200.430 173.240
48.000 1 198.660 172.640
48.000 1 189.790 164.960
48.000 1 188.610 164.370
48.000 1 187.430 163.180
48.000 1 186.830 162.000
48.000 1 177.370 148.990
48.000 1 177.970 146.630
48.000 1 178.560 144.860
48.000 1 178.560 141.310
48.000 1 185.060 128.300
48.000 1 186.240 127.120
48.000 1 187.430 126.530
48.000 1 188.610 125.940
48.000 1 196.290 115.880
48.000 1 196.890 114.700
48.000 1 198.070 112.340
48.000 1 206.350 105.240
48.000 1 209.890 103.470
48.000 1 211.080 102.880
48.000 1 216.400 103.470
48.000 1 219.940 103.470
48.000 1 234.730 101.690
48.000 1 236.500 101.100
48.000 1 245.960 102.880
48.000 1 247.730 102.880
48.000 1 248.920 103.470
48.000 1 258.970 105.240
48.000 1 260.740 105.240
48.000 1 271.970 106.420
48.000 1 273.750 106.420
48.000 1 287.350 108.790
48.000 1 289.120 108.790
48.000 1 290.300 109.380
48.000 1 302.720 111.750
48.000 1 303.900 112.340
48.000 1 306.270 112.340
48.000 1 318.680 119.430
48.000 1 319.870 120.610
48.000 1 321.050 121.210
48.000 1 323.410 123.570
48.000 1 327.550 130.070
48.000 1 328.140 131.260
48.000 1 328.730 132.440
48.000 1 332.280 141.900
48.000 1 332.280 143.670
48.000 1 331.100 156.090
48.000 1 330.510 157.860
48.000 1 326.960 166.140
48.000 1 326.370 167.320
48.000 1 325.190 168.510
48.000 1 323.410 169.100
48.000 1 316.910 175.600
48.000 1 316.320 176.780
48.000 1 315.140 177.970
48.000 1 308.630 185.060
48.000 1 307.450 185.650
48.000 1 306.860 186.830
48.000 1 305.080 187.430
48.000 1 303.900 188.610
48.000 1 301.540 189.790
48.000 1 300.350 190.380
48.000 1 299.170 190.970
48.000 1 297.400 191.560
48.000 1 295.620 191.560
48.000 1 294.440 192.160
48.000 1 292.080 193.340
48.000 1 288.530 193.930
48.000 1 287.350 194.520
48.000 1 285.570 195.110
48.000 1 282.030 196.290
48.000 1 280.250 196.890
48.000 1 278.480 196.890
48.000 1 277.300 197.480
48.000 1 275.520 198.070
48.000 1 273.750 198.070
48.000 1 272.570 198.660
48.000 1 270.200 198.660
48.000 1 269.020 199.250
48.000 1 259.560 199.250
48.000 1 257.780 198.660
48.000 1 255.420 198.070
48.000 1 254.240 197.480
48.000 1 253.050 196.890
48.000 1 251.280 196.890
48.000 1 250.100 196.290
48.000 1 243.000 196.290
48.000 1 242.410 195.110
48.000 1 240.050 192.750
48.000 1 238.860 192.160
48.000 1 237.090 192.160
48.000 1 235.910 191.560
48.000 1 234.730 190.970
48.000 1 233.540 190.380
48.000 1 231.770 189.790
48.000 1 231.180 188.610
48.000 1 229.400 188.020
48.000 1 228.220 187.430
48.000 1 227.040 186.830
48.000 1 225.270 186.240
48.000 1 224.080 185.650
48.000 1 221.720 184.470
48.000 2 196.890 165.550
48.000 2 197.480 167.910
48.000 2 202.800 172.640
48.000 2 208.710 176.190
48.000 2 206.940 179.740
48.000 2 202.210 182.100
48.000 2 202.210 186.830
48.000 2 207.530 190.970
48.000 2 212.260 192.750
48.000 2 215.810 188.610
48.000 2 216.990 181.510
48.000 2 221.720 180.920
48.000 2 220.540 172.640
48.000 2 220.540 162.590
48.000 2 214.030 157.270
48.000 2 205.750 151.360
48.000 2 196.890 154.320
48.000 3 226.450 158.450
48.000 3 227.630 159.640
48.000 3 232.360 161.410
48.000 3 232.950 159.050
48.000 3 234.130 157.860
48.000 3 235.910 156.090
48.000 3 240.050 150.180
48.000 3 241.230 149.590
48.000 3 242.410 148.400
48.000 3 243.590 147.810
48.000 3 244.190 146.630
48.000 3 248.920 143.080
48.000 3 250.100 142.490
48.000 3 251.280 141.310
48.000 3 253.050 140.720
48.000 3 259.560 138.940
48.000 3 260.740 137.760
48.000 3 261.920 137.170
48.000 3 266.650 134.210
48.000 3 268.430 133.620
48.000 3 269.610 133.030
48.000 3 276.700 130.070
48.000 3 277.890 129.480
48.000 3 286.760 125.340
48.000 3 287.940 124.750
48.000 3 289.120 123.570
48.000 3 293.850 120.020
48.000 3 293.850 118.250
48.000 3 292.670 117.660
48.000 3 289.710 115.290
48.000 3 288.530 114.700
48.000 3 286.160 114.700
48.000 3 278.480 112.930
48.000 3 267.240 112.930
48.000 3 266.060 113.520
48.000 3 253.050 113.520
48.000 3 251.870 112.930
48.000 3 244.780 112.340
48.000 3 237.090 112.340
48.000 3 235.910 111.750
48.000 3 234.130 111.750
48.000 3 232.360 112.340
48.000 3 222.310 112.340
48.000 3 220.540 112.930
48.000 3 218.760 112.930
48.000 3 217.580 113.520
48.000 3 211.670 114.700
48.000 3 210.480 115.290
48.000 3 204.570 117.660
48.000 3 203.390 118.250
48.000 3 198.660 122.980
48.000 3 199.250 124.160
48.000 3 199.840 125.940
48.000 3 202.800 134.210
48.000 3 203.390 135.990
48.000 3 203.390 137.760
48.000 3 205.750 143.080
48.000 3 206.350 144.260
48.000 3 210.480 148.990
48.000 3 211.670 149.590
48.000 3 212.850 150.770
48.000 3 218.170 154.320
48.000 3 219.350 154.910
48.000 3 220.540 155.500
48.000 3 225.270 157.860
48.000 4 265.470 142.490
48.000 4 266.060 144.860
48.000 4 260.740 146.630
48.000 4 258.380 147.810
48.000 4 257.190 148.400
48.000 4 250.100 151.950
48.000 4 248.920 152.540
48.000 4 247.730 153.130
48.000 4 244.190 159.050
48.000 4 243.590 163.180
48.000 4 243.590 164.960
48.000 4 243.000 166.140
48.000 4 243.000 169.690
48.000 4 242.410 170.870
48.000 4 242.410 174.420
48.000 4 249.510 179.150
48.000 4 251.280 179.740
48.000 4 253.050 179.740
48.000 4 254.830 179.150
48.000 4 256.600 178.560
48.000 4 257.780 177.970
48.000 4 260.740 176.190
48.000 4 262.510 175.010
48.000 4 263.700 173.830
48.000 4 266.650 172.050
48.000 4 267.840 171.460
48.000 4 269.020 170.870
48.000 4 270.790 169.690
48.000 4 273.160 168.510
48.000 4 274.930 167.910
48.000 4 276.700 167.910
48.000 4 277.890 167.320
48.000 4 279.660 166.140
48.000 4 281.430 165.550
48.000 4 289.710 165.550
48.000 4 290.890 164.960
48.000 4 292.080 164.370
48.000 4 296.810 162.590
48.000 4 297.990 161.410
48.000 4 299.760 160.820
48.000 4 300.950 160.230
48.000 4 304.490 159.050
48.000 4 305.680 158.450
48.000 4 306.860 157.860
48.000 4 308.040 156.680
48.000 4 309.220 156.090
48.000 4 310.410 155.500
48.000 4 311.590 154.320
48.000 4 312.770 153.720
48.000 4 316.910 146.040
48.000 4 317.500 144.260
48.000 4 318.090 143.080
48.000 4 315.140 132.440
48.000 4 314.540 131.260
48.000 4 306.270 130.670
48.000 4 304.490 130.670
48.000 4 298.580 130.070
48.000 4 295.030 130.070
48.000 4 290.300 130.670
48.000 4 289.120 131.260
48.000 4 287.350 131.260
48.000 4 283.210 133.030
48.000 4 282.620 134.210
48.000 4 279.070 138.350
48.000 4 277.300 138.940
48.000 4 275.520 139.530
48.000 4 266.650 141.900
56.000 1 193.930 110.560
56.000 1 196.290 109.380
56.000 1 207.530 105.240
56.000 1 209.300 104.650
56.000 1 210.480 104.060
56.000 1 211.670 103.470
56.000 1 212.850 102.880
56.000 1 222.310 101.690
56.000 1 223.490 101.100
56.000 1 225.270 101.100
56.000 1 227.040 100.510
56.000 1 237.680 101.100
56.000 1 239.460 101.100
56.000 1 241.230 101.690
56.000 1 256.010 104.650
56.000 1 257.780 104.650
56.000 1 273.160 105.830
56.000 1 275.520 106.420
56.000 1 278.480 107.020
56.000 1 293.260 107.020
56.000 1 294.440 107.610
56.000 1 296.220 107.610
56.000 1 298.580 108.790
56.000 1 308.630 113.520
56.000 1 309.810 114.110
56.000 1 311.000 114.700
56.000 1 312.180 115.290
56.000 1 321.640 123.570
56.000 1 322.820 124.160
56.000 1 324.000 125.340
56.000 1 328.730 131.850
56.000 1 329.330 133.030
56.000 1 329.330 134.800
56.000 1 329.920 135.990
56.000 1 330.510 137.170
56.000 1 331.100 138.940
56.000 1 331.100 140.720
56.000 1 331.690 141.900
56.000 1 332.280 143.670
56.000 1 332.870 144.860
56.000 1 333.460 146.040
56.000 1 333.460 156.680
56.000 1 332.870 157.860
56.000 1 332.280 159.050
56.000 1 330.510 162.590
56.000 1 329.330 164.370
56.000 1 328.730 165.550
56.000 1 328.140 166.730
56.000 1 326.960 167.320
56.000 1 326.370 169.100
56.000 1 325.190 171.460
56.000 1 324.000 172.050
56.000 1 322.820 173.240
56.000 1 322.230 174.420
56.000 1 321.050 175.600
56.000 1 320.460 176.780
56.000 1 320.460 178.560
56.000 1 319.870 179.740
56.000 1 318.680 180.330
56.000 1 316.320 181.510
56.000 1 315.730 182.700
56.000 1 313.950 182.700
56.000 1 309.810 186.830
56.000 1 308.630 187.430
56.000 1 308.040 188.610
56.000 1 306.860 189.200
56.000 1 297.990 195.700
56.000 1 296.810 196.290
56.000 1 295.620 196.890
56.000 1 284.390 202.210
56.000 1 282.030 202.210
56.000 1 270.200 202.800
56.000 1 268.430 202.800
56.000 1 247.730 203.390
56.000 1 242.410 200.430
56.000 1 241.230 199.840
56.000 1 227.040 198.070
56.000 1 225.270 198.070
56.000 1 224.080 197.480
56.000 1 222.310 196.890
56.000 1 208.120 194.520
56.000 1 207.530 193.340
56.000 1 206.350 192.750
56.000 1 199.250 188.020
56.000 1 198.070 187.430
56.000 1 192.750 181.510
56.000 1 192.160 180.330
56.000 1 184.470 168.510
56.000 1 183.880 166.730
56.000 1 183.290 165.550
56.000 1 179.150 153.720
56.000 1 178.560 152.540
56.000 1 180.330 135.400
56.000 1 180.920 134.210
56.000 1 182.700 125.340
56.000 1 183.290 124.160
56.000 1 187.430 116.480
56.000 1 193.930 112.340
56.000 2 253.650 131.260
56.000 2 255.420 130.070
56.000 2 257.190 129.480
56.000 2 261.920 127.120
56.000 2 263.110 126.530
56.000 2 264.290 125.940
56.000 2 265.470 125.340
56.000 2 271.970 124.160
56.000 2 273.160 123.570
56.000 2 276.700 121.800
56.000 2 280.840 120.610
56.000 2 282.030 120.020
56.000 2 283.800 118.840
56.000 2 284.980 118.250
56.000 2 292.670 115.290
56.000 2 289.710 110.560
56.000 2 288.530 111.150
56.000 2 282.620 111.750
56.000 2 280.840 111.750
56.000 2 273.160 110.560
56.000 2 271.970 109.970
56.000 2 270.200 109.970
56.000 2 263.700 108.790
56.000 2 260.150 108.790
56.000 2 251.870 108.200
56.000 2 248.320 108.200
56.000 2 243.590 108.790
56.000 2 242.410 109.380
56.000 2 240.640 109.380
56.000 2 232.950 110.560
56.000 2 231.180 111.150
56.000 2 229.400 111.750
56.000 2 218.170 113.520
56.000 2 216.990 114.110
56.000 2 215.210 114.110
56.000 2 212.260 114.700
56.000 2 205.750 114.700
56.000 2 203.390 115.290
56.000 2 199.840 117.070
56.000 2 198.660 119.430
56.000 2 193.340 124.750
56.000 2 192.160 125.940
56.000 2 191.560 127.120
56.000 2 190.970 133.620
56.000 2 190.380 134.800
56.000 2 188.610 140.720
56.000 2 188.610 142.490
56.000 2 188.020 143.670
56.000 2 187.430 153.130
56.000 2 188.610 160.820
56.000 2 189.790 163.180
56.000 2 193.340 170.870
56.000 2 193.930 172.050
56.000 2 195.700 176.780
56.000 2 199.840 182.700
56.000 2 202.800 185.060
56.000 2 203.980 185.650
56.000 2 209.300 188.610
56.000 2 216.400 189.200
56.000 2 219.940 187.430
56.000 2 221.130 185.650
56.000 2 224.670 179.150
56.000 2 225.270 177.970
56.000 2 230.000 167.910
56.000 2 230.000 157.270
56.000 2 230.590 155.500
56.000 2 234.130 150.770
56.000 2 234.130 148.990
56.000 2 236.500 145.450
56.000 2 237.680 144.860
56.000 2 243.590 141.310
56.000 2 244.780 140.720
56.000 2 248.320 137.760
56.000 2 248.920 136.580
56.000 2 251.280 133.620
56.000 3 260.740 144.860
56.000 3 261.330 144.860
56.000 3 257.780 147.810
56.000 3 247.730 152.540
56.000 3 246.550 153.130
56.000 3 244.190 157.270
56.000 3 243.590 158.450
56.000 3 242.410 164.960
56.000 3 241.820 166.140
56.000 3 241.820 167.910
56.000 3 244.190 175.600
56.000 3 244.780 177.370
56.000 3 245.370 179.150
56.000 3 247.140 189.200
56.000 3 253.050 191.560
56.000 3 254.830 191.560
56.000 3 256.010 192.160
56.000 3 258.970 190.970
56.000 3 261.920 191.560
56.000 3 263.700 191.560
56.000 3 264.880 190.380
56.000 3 267.840 189.200
56.000 3 269.020 188.610
56.000 3 270.790 188.020
56.000 3 271.380 186.830
56.000 3 276.700 185.060
56.000 3 277.890 184.470
56.000 3 279.660 183.880
56.000 3 282.620 181.510
56.000 3 283.800 180.920
56.000 3 284.980 179.740
56.000 3 285.570 178.560
56.000 3 289.710 176.190
56.000 3 290.890 175.600
56.000 3 292.080 175.010
56.000 3 293.260 173.830
56.000 3 296.220 171.460
56.000 3 298.580 169.100
56.000 3 301.540 164.960
56.000 3 302.130 163.780
56.000 3 302.720 162.590
56.000 3 303.900 160.820
56.000 3 308.040 156.090
56.000 3 309.220 155.500
56.000 3 310.410 154.910
56.000 3 311.000 153.720
56.000 3 312.770 151.950
56.000 3 313.950 149.590
56.000 3 315.140 148.990
56.000 3 316.320 141.900
56.000 3 316.910 140.130
56.000 3 315.730 132.440
56.000 3 314.540 131.850
56.000 3 313.360 131.260
56.000 3 303.310 129.480
56.000 3 296.220 128.890
56.000 3 286.160 128.890
56.000 3 284.390 129.480
56.000 3 281.430 130.670
56.000 3 277.890 131.850
56.000 3 275.520 133.030
56.000 3 274.340 133.620
56.000 3 270.790 135.990
56.000 3 268.430 138.350
56.000 3 267.240 138.940
56.000 3 261.920 143.670
64.000 1 242.410 102.290
64.000 1 243.590 102.880
64.000 1 244.780 103.470
64.000 1 260.150 105.240
64.000 1 261.920 105.240
64.000 1 263.700 105.830
64.000 1 265.470 105.830
64.000 1 279.660 107.020
64.000 1 281.430 107.020
64.000 1 283.800 107.610
64.000 1 286.160 107.610
64.000 1 287.940 108.790
64.000 1 297.990 111.750
64.000 1 299.760 112.340
64.000 1 312.180 118.250
64.000 1 313.950 118.250
64.000 1 315.140 118.840
64.000 1 316.910 120.020
64.000 1 325.190 130.070
64.000 1 326.370 130.670
64.000 1 332.280 143.080
64.000 1 332.280 144.860
64.000 1 331.690 146.040
64.000 1 329.920 154.910
64.000 1 329.330 156.090
64.000 1 328.730 157.270
64.000 1 326.370 166.140
64.000 1 325.780 167.320
64.000 1 325.190 168.510
64.000 1 319.270 178.560
64.000 1 318.090 179.150
64.000 1 302.720 194.520
64.000 1 284.980 203.390
64.000 1 283.210 203.980
64.000 1 269.610 206.350
64.000 1 268.430 205.750
64.000 1 255.420 203.390
64.000 1 254.240 202.210
64.000 1 241.230 196.890
64.000 1 240.050 196.290
64.000 1 238.270 196.290
64.000 1 223.490 193.930
64.000 1 206.350 190.380
64.000 1 205.160 189.790
64.000 1 196.890 186.830
64.000 1 195.700 185.650
64.000 1 194.520 185.060
64.000 1 188.020 177.370
64.000 1 186.830 176.780
64.000 1 186.240 175.600
64.000 1 179.150 164.960
64.000 1 178.560 163.780
64.000 1 177.970 162.590
64.000 1 173.830 148.400
64.000 1 173.830 146.630
64.000 1 176.780 134.210
64.000 1 177.370 133.030
64.000 1 177.970 131.850
64.000 1 182.700 123.570
64.000 1 183.880 122.980
64.000 1 184.470 121.800
64.000 1 189.200 116.480
64.000 1 189.790 115.290
64.000 1 195.700 108.790
64.000 1 196.890 108.200
64.000 1 209.890 104.650
64.000 1 211.080 104.060
64.000 1 212.850 104.060
64.000 1 214.030 103.470
64.000 1 225.270 103.470
64.000 1 241.820 104.650
64.000 2 244.780 135.400
64.000 2 245.960 134.800
64.000 2 247.140 134.210
64.000 2 251.280 131.850
64.000 2 252.460 130.670
64.000 2 254.240 130.070
64.000 2 255.420 129.480
64.000 2 257.780 128.890
64.000 2 258.970 128.300
64.000 2 260.150 127.710
64.000 2 263.700 125.340
64.000 2 264.880 124.750
64.000 2 270.790 121.210
64.000 2 271.970 120.610
64.000 2 272.570 119.430
64.000 2 276.700 118.840
64.000 2 277.890 118.250
64.000 2 284.390 116.480
64.000 2 282.030 112.930
64.000 2 280.840 112.340
64.000 2 271.380 108.790
64.000 2 266.060 108.790
64.000 2 253.650 109.970
64.000 2 251.870 109.970
64.000 2 250.100 110.560
64.000 2 242.410 110.560
64.000 2 240.050 109.380
64.000 2 238.860 108.790
64.000 2 231.180 108.790
64.000 2 229.400 109.380
64.000 2 221.130 109.380
64.000 2 219.940 109.970
64.000 2 218.170 109.970
64.000 2 216.990 110.560
64.000 2 211.080 112.340
64.000 2 208.710 112.930
64.000 2 206.940 113.520
64.000 2 205.160 114.110
64.000 2 200.430 116.480
64.000 2 198.070 117.660
64.000 2 194.520 121.210
64.000 2 193.930 122.390
64.000 2 192.750 123.570
64.000 2 191.560 124.750
64.000 2 190.970 125.940
64.000 2 188.020 130.670
64.000 2 187.430 131.850
64.000 2 186.830 133.030
64.000 2 186.240 134.210
64.000 2 182.700 139.530
64.000 2 182.100 140.720
64.000 2 182.100 142.490
64.000 2 181.510 148.990
64.000 2 181.510 152.540
64.000 2 183.880 159.050
64.000 2 183.880 160.820
64.000 2 184.470 162.000
64.000 2 188.610 169.100
64.000 2 191.560 174.420
64.000 2 192.750 175.010
64.000 2 194.520 177.970
64.000 2 195.700 178.560
64.000 2 196.890 179.150
64.000 2 198.660 180.920
64.000 2 199.840 181.510
64.000 2 203.390 182.700
64.000 2 204.570 183.880
64.000 2 205.750 184.470
64.000 2 210.480 185.650
64.000 2 211.670 186.240
64.000 2 212.850 186.830
64.000 2 214.030 187.430
64.000 2 216.990 188.610
64.000 2 218.170 189.200
64.000 2 219.940 189.200
64.000 2 224.080 189.790
64.000 2 225.860 189.790
64.000 2 228.810 190.970
64.000 2 230.000 191.560
64.000 2 231.180 188.020
64.000 2 230.590 186.830
64.000 2 230.000 185.650
64.000 2 229.400 184.470
64.000 2 228.220 182.700
64.000 2 228.220 180.920
64.000 2 227.630 179.740
64.000 2 227.630 177.970
64.000 2 227.040 175.010
64.000 2 226.450 173.240
64.000 2 226.450 171.460
64.000 2 225.860 169.690
64.000 2 225.270 167.910
64.000 2 225.270 166.140
64.000 2 225.860 161.410
64.000 2 226.450 160.230
64.000 2 227.040 158.450
64.000 2 227.630 154.910
64.000 2 228.810 153.720
64.000 2 230.000 152.540
64.000 2 231.770 149.590
64.000 2 232.360 148.400
64.000 2 234.130 144.860
64.000 2 235.320 144.260
64.000 2 236.500 143.670
64.000 2 238.270 142.490
64.000 2 239.460 141.900
64.000 2 241.820 140.720
64.000 2 242.410 139.530
64.000 2 244.190 137.170
64.000 3 261.330 140.720
64.000 3 259.560 140.720
64.000 3 256.600 141.900
64.000 3 255.420 142.490
64.000 3 251.280 144.860
64.000 3 248.920 146.040
64.000 3 248.320 147.220
64.000 3 247.140 147.810
64.000 3 245.960 153.130
64.000 3 245.370 154.320
64.000 3 244.780 155.500
64.000 3 243.590 157.860
64.000 3 243.000 159.050
64.000 3 241.820 160.230
64.000 3 240.640 162.590
64.000 3 240.640 164.370
64.000 3 240.050 165.550
64.000 3 240.050 169.690
64.000 3 240.640 175.600
64.000 3 240.640 177.370
64.000 3 241.820 179.150
64.000 3 241.820 180.920
64.000 3 242.410 182.700
64.000 3 244.780 185.060
64.000 3 245.960 186.240
64.000 3 247.140 186.830
64.000 3 248.320 187.430
64.000 3 249.510 188.020
64.000 3 252.460 190.970
64.000 3 253.650 191.560
64.000 3 254.830 192.160
64.000 3 256.010 192.750
64.000 3 258.380 193.340
64.000 3 265.470 193.340
64.000 3 266.650 192.750
64.000 3 267.840 191.560
64.000 3 271.970 190.380
64.000 3 273.750 189.200
64.000 3 275.520 188.610
64.000 3 276.700 188.020
64.000 3 280.250 185.650
64.000 3 281.430 185.060
64.000 3 282.620 184.470
64.000 3 286.160 182.700
64.000 3 289.710 180.330
64.000 3 291.490 179.150
64.000 3 292.080 177.970
64.000 3 293.260 177.370
64.000 3 296.220 175.010
64.000 3 297.400 173.830
64.000 3 297.990 172.640
64.000 3 299.760 170.870
64.000 3 300.950 169.690
64.000 3 302.130 167.910
64.000 3 303.900 165.550
64.000 3 305.080 164.960
64.000 3 305.680 163.780
64.000 3 306.270 162.590
64.000 3 309.810 156.680
64.000 3 310.410 155.500
64.000 3 311.000 154.320
64.000 3 313.360 148.990
64.000 3 313.360 147.220
64.000 3 311.000 137.760
64.000 3 310.410 135.990
64.000 3 309.220 135.400
64.000 3 305.080 131.260
64.000 3 303.900 130.670
64.000 3 302.130 130.670
64.000 3 295.620 127.710
64.000 3 293.260 126.530
64.000 3 290.300 125.940
64.000 3 288.530 126.530
64.000 3 287.350 127.120
64.000 3 282.030 130.070
64.000 3 280.250 130.670
64.000 3 278.480 130.670
64.000 3 277.300 131.260
64.000 3 271.970 134.210
64.000 3 270.200 134.800
64.000 3 269.020 135.990
64.000 3 267.240 138.350
64.000 3 264.880 138.940
64.000 3 263.110 139.530
72.000 1 234.730 102.880
72.000 1 253.050 104.060
72.000 1 255.420 104.060
72.000 1 271.970 107.610
72.000 1 274.340 107.610
72.000 1 293.260 111.750
72.000 1 295.030 112.340
72.000 1 304.490 116.480
72.000 1 318.680 122.390
72.000 1 319.270 123.570
72.000 1 325.190 135.990
72.000 1 325.780 137.170
72.000 1 329.330 148.990
72.000 1 328.730 150.180
72.000 1 327.550 159.640
72.000 1 327.550 161.410
72.000 1 326.370 170.280
72.000 1 325.190 170.870
72.000 1 324.600 172.640
72.000 1 319.270 177.970
72.000 1 315.730 182.700
72.000 1 315.140 183.880
72.000 1 313.950 185.060
72.000 1 313.360 186.240
72.000 1 311.590 186.830
72.000 1 311.000 188.020
72.000 1 309.810 188.610
72.000 1 308.630 189.200
72.000 1 306.860 189.790
72.000 1 305.080 190.380
72.000 1 303.900 191.560
72.000 1 300.950 193.930
72.000 1 299.760 194.520
72.000 1 293.260 199.250
72.000 1 292.080 200.430
72.000 1 290.300 201.020
72.000 1 288.530 201.020
72.000 1 285.570 202.210
72.000 1 284.390 202.800
72.000 1 282.620 202.800
72.000 1 280.250 203.390
72.000 1 278.480 203.390
72.000 1 276.700 203.980
72.000 1 275.520 204.570
72.000 1 273.750 204.570
72.000 1 269.610 205.160
72.000 1 262.510 205.160
72.000 1 261.330 204.570
72.000 1 259.560 204.570
72.000 1 258.380 203.980
72.000 1 251.280 203.980
72.000 1 249.510 203.390
72.000 1 246.550 202.800
72.000 1 242.410 202.800
72.000 1 238.270 202.210
72.000 1 236.500 201.620
72.000 1 232.360 201.620
72.000 1 225.270 201.020
72.000 1 223.490 200.430
72.000 1 221.720 200.430
72.000 1 216.990 199.250
72.000 1 215.210 198.660
72.000 1 213.440 198.660
72.000 1 210.480 197.480
72.000 1 209.300 196.890
72.000 1 208.120 196.290
72.000 1 206.940 195.700
72.000 1 202.800 192.750
72.000 1 201.620 191.560
72.000 1 200.430 190.970
72.000 1 189.790 180.330
72.000 1 189.200 179.150
72.000 1 188.020 178.560
72.000 1 185.060 173.240
72.000 1 184.470 172.050
72.000 1 182.700 168.510
72.000 1 177.970 160.820
72.000 1 177.970 159.050
72.000 1 177.370 157.270
72.000 1 175.600 148.990
72.000 1 175.600 135.400
72.000 1 176.190 134.210
72.000 1 178.560 130.070
72.000 1 179.150 128.890
72.000 1 183.880 121.210
72.000 1 184.470 120.020
72.000 1 184.470 118.250
72.000 1 185.060 117.070
72.000 1 191.560 111.750
72.000 1 192.750 111.150
72.000 1 198.070 107.610
72.000 1 199.250 107.020
72.000 1 207.530 103.470
72.000 1 209.300 102.880
72.000 1 217.580 102.290
72.000 1 221.130 102.290
72.000 1 227.630 102.880
72.000 1 232.360 104.650
72.000 2 182.700 141.900
72.000 2 181.510 145.450
72.000 2 182.100 146.630
72.000 2 182.100 148.400
72.000 2 180.920 148.990
72.000 2 179.740 149.590
72.000 2 179.150 150.770
72.000 2 178.560 152.540
72.000 2 180.330 156.680
72.000 2 183.290 160.820
72.000 2 183.880 162.590
72.000 2 184.470 163.780
72.000 2 187.430 167.910
72.000 2 187.430 169.690
72.000 2 188.020 170.870
72.000 2 189.200 172.640
72.000 2 190.380 173.830
72.000 2 191.560 175.010
72.000 2 192.160 176.190
72.000 2 195.110 178.560
72.000 2 196.290 179.150
72.000 2 197.480 179.740
72.000 2 198.660 180.920
72.000 2 200.430 181.510
72.000 2 201.620 182.100
72.000 2 202.800 182.700
72.000 2 205.750 187.430
72.000 2 206.350 188.610
72.000 2 208.710 190.970
72.000 2 210.480 192.160
72.000 2 211.670 193.340
72.000 2 214.030 195.110
72.000 2 215.210 195.700
72.000 2 216.990 196.290
72.000 2 218.170 196.890
72.000 2 219.350 197.480
72.000 2 220.540 198.070
72.000 2 222.900 199.250
72.000 2 224.670 199.840
72.000 2 226.450 199.840
72.000 2 231.180 198.660
72.000 2 232.360 199.250
72.000 2 234.130 198.660
72.000 2 235.320 198.070
72.000 2 239.460 197.480
72.000 2 241.230 196.890
72.000 2 242.410 196.290
72.000 2 245.960 192.160
72.000 2 242.410 186.240
72.000 2 241.820 185.060
72.000 2 237.090 177.370
72.000 2 234.730 176.190
72.000 2 230.590 177.970
72.000 2 228.810 177.970
72.000 2 221.720 176.780
72.000 2 220.540 177.370
72.000 2 219.940 178.560
72.000 2 218.760 179.150
72.000 2 214.620 180.920
72.000 2 214.030 177.370
72.000 2 214.030 175.600
72.000 2 214.620 173.830
72.000 2 215.810 172.050
72.000 2 217.580 170.870
72.000 2 218.760 170.280
72.000 2 219.350 169.100
72.000 2 221.130 168.510
72.000 2 222.310 167.910
72.000 2 223.490 167.320
72.000 2 224.670 164.960
72.000 2 225.270 163.780
72.000 2 225.270 156.680
72.000 2 223.490 154.320
72.000 2 219.940 150.770
72.000 2 219.350 149.590
72.000 2 217.580 145.450
72.000 2 213.440 141.900
72.000 2 211.080 140.720
72.000 2 209.890 140.130
72.000 2 206.350 138.350
72.000 2 205.160 137.760
72.000 2 202.800 138.350
72.000 2 201.620 137.760
72.000 2 200.430 137.170
72.000 2 199.250 137.760
72.000 2 198.070 137.170
72.000 2 195.700 137.170
72.000 2 186.240 141.900
72.000 3 232.360 151.360
72.000 3 232.950 149.590
72.000 3 235.320 145.450
72.000 3 237.090 144.860
72.000 3 243.000 140.130
72.000 3 244.190 138.940
72.000 3 248.920 134.800
72.000 3 251.280 133.620
72.000 3 256.600 128.890
72.000 3 257.780 128.300
72.000 3 262.510 126.530
72.000 3 264.290 126.530
72.000 3 265.470 125.940
72.000 3 268.430 124.750
72.000 3 270.790 123.570
72.000 3 279.660 120.020
72.000 3 281.430 119.430
72.000 3 287.350 118.250
72.000 3 284.390 113.520
72.000 3 274.340 110.560
72.000 3 265.470 109.380
72.000 3 263.110 109.380
72.000 3 250.100 109.970
72.000 3 234.730 109.970
72.000 3 228.220 110.560
72.000 3 226.450 110.560
72.000 3 225.270 111.150
72.000 3 214.620 111.150
72.000 3 209.890 111.750
72.000 3 208.120 112.930
72.000 3 204.570 113.520
72.000 3 202.800 114.110
72.000 3 201.020 114.110
72.000 3 199.840 114.700
72.000 3 199.250 115.880
72.000 3 198.660 118.250
72.000 3 198.660 128.300
72.000 3 199.250 129.480
72.000 3 203.980 131.850
72.000 3 205.160 132.440
72.000 3 206.350 133.030
72.000 3 210.480 133.620
72.000 3 211.670 134.210
72.000 3 214.620 133.620
72.000 3 215.210 134.800
72.000 3 216.400 135.400
72.000 3 219.940 137.760
72.000 3 224.080 145.450
72.000 3 227.040 150.180
72.000 3 229.400 151.950
72.000 4 246.550 153.130
72.000 4 243.590 154.320
72.000 4 241.230 155.500
72.000 4 237.090 157.860
72.000 4 236.500 159.050
72.000 4 235.320 159.640
72.000 4 232.950 160.820
72.000 4 232.950 163.780
72.000 4 234.730 165.550
72.000 4 235.910 166.730
72.000 4 236.500 167.910
72.000 4 237.090 169.100
72.000 4 237.680 170.280
72.000 4 238.860 172.050
72.000 4 240.050 173.240
72.000 4 241.230 173.830
72.000 4 245.960 176.780
72.000 4 247.140 177.370
72.000 4 251.280 181.510
72.000 4 252.460 182.700
72.000 4 257.190 191.560
72.000 4 258.380 192.750
72.000 4 258.970 193.930
72.000 4 260.150 194.520
72.000 4 261.330 193.930
72.000 4 264.290 193.340
72.000 4 266.060 193.340
72.000 4 268.430 192.750
72.000 4 270.200 192.750
72.000 4 273.160 192.160
72.000 4 274.930 191.560
72.000 4 277.890 190.380
72.000 4 279.070 189.790
72.000 4 282.030 189.200
72.000 4 284.390 188.020
72.000 4 287.940 186.240
72.000 4 289.120 185.650
72.000 4 294.440 180.330
72.000 4 295.030 179.150
72.000 4 296.220 178.560
72.000 4 299.760 173.240
72.000 4 300.350 172.050
72.000 4 300.950 170.870
72.000 4 303.310 165.550
72.000 4 303.900 164.370
72.000 4 306.860 157.860
72.000 4 308.630 148.990
72.000 4 309.810 147.810
72.000 4 312.180 141.310
72.000 4 312.770 140.130
72.000 4 308.040 135.400
72.000 4 306.860 134.210
72.000 4 305.680 133.620
72.000 4 305.080 132.440
72.000 4 303.900 131.850
72.000 4 298.580 128.300
72.000 4 296.810 128.300
72.000 4 295.030 127.710
72.000 4 288.530 127.710
72.000 4 286.160 128.890
72.000 4 284.390 128.890
72.000 4 279.070 131.260
72.000 4 276.110 131.260
72.000 4 274.930 131.850
72.000 4 270.200 132.440
72.000 4 267.840 133.030
72.000 4 266.650 133.620
72.000 4 265.470 134.210
72.000 4 260.740 135.990
72.000 4 259.560 137.170
72.000 4 253.650 145.450
72.000 4 252.460 146.630
72.000 4 251.870 147.810
72.000 4 247.140 151.950
80.000 1 218.170 102.880
80.000 1 233.540 104.650
80.000 1 234.730 104.060
80.000 1 236.500 103.470
80.000 1 256.600 103.470
80.000 1 269.020 106.420
80.000 1 270.790 106.420
80.000 1 271.970 107.020
80.000 1 287.350 110.560
80.000 1 288.530 111.150
80.000 1 290.300 111.150
80.000 1 299.170 117.070
80.000 1 299.760 118.250
80.000 1 309.220 127.120
80.000 1 309.810 128.300
80.000 1 315.140 130.070
80.000 1 316.910 130.070
80.000 1 321.640 134.800
80.000 1 322.230 135.990
80.000 1 322.820 137.170
80.000 1 326.370 150.770
80.000 1 326.370 154.320
80.000 1 325.190 163.780
80.000 1 318.680 175.010
80.000 1 317.500 175.600
80.000 1 316.320 176.780
80.000 1 315.140 177.370
80.000 1 313.360 179.740
80.000 1 312.770 180.920
80.000 1 310.410 185.060
80.000 1 308.040 187.430
80.000 1 307.450 188.610
80.000 1 305.680 189.790
80.000 1 304.490 190.380
80.000 1 303.310 190.970
80.000 1 299.170 190.970
80.000 1 296.220 192.750
80.000 1 290.890 192.750
80.000 1 289.710 193.340
80.000 1 283.800 198.660
80.000 1 282.620 199.250
80.000 1 281.430 199.840
80.000 1 274.340 200.430
80.000 1 260.150 200.430
80.000 1 256.010 199.840
80.000 1 249.510 197.480
80.000 1 241.230 199.250
80.000 1 241.820 195.110
80.000 1 237.680 195.700
80.000 1 236.500 196.290
80.000 1 235.320 196.890
80.000 1 227.040 200.430
80.000 1 225.860 201.020
80.000 1 224.080 201.020
80.000 1 222.900 201.620
80.000 1 220.540 202.210
80.000 1 216.400 203.390
80.000 1 215.210 203.980
80.000 1 213.440 203.980
80.000 1 209.300 205.750
80.000 1 208.120 206.350
80.000 1 206.940 206.940
80.000 1 202.210 209.890
80.000 1 201.020 210.480
80.000 1 199.840 211.080
80.000 1 197.480 213.440
80.000 1 195.700 213.440
80.000 1 194.520 212.850
80.000 1 192.160 210.480
80.000 1 191.560 209.300
80.000 1 189.790 206.940
80.000 1 189.790 205.160
80.000 1 188.020 203.390
80.000 1 189.200 202.800
80.000 1 196.290 199.840
80.000 1 197.480 199.250
80.000 1 198.660 198.660
80.000 1 202.800 193.340
80.000 1 203.980 184.470
80.000 1 208.120 182.100
80.000 1 209.300 181.510
80.000 1 211.080 181.510
80.000 1 212.260 180.920
80.000 1 211.670 176.190
80.000 1 202.210 179.150
80.000 1 199.840 179.740
80.000 1 196.290 179.740
80.000 1 195.110 179.150
80.000 1 190.970 176.190
80.000 1 190.380 175.010
80.000 1 189.200 174.420
80.000 1 185.060 171.460
80.000 1 182.700 169.100
80.000 1 181.510 168.510
80.000 1 180.920 167.320
80.000 1 177.370 160.820
80.000 1 176.780 159.050
80.000 1 171.460 146.040
80.000 1 171.460 144.260
80.000 1 170.870 142.490
80.000 1 170.280 141.310
80.000 1 172.050 133.030
80.000 1 172.640 131.850
80.000 1 173.240 130.670
80.000 1 177.370 122.980
80.000 1 177.970 121.210
80.000 1 178.560 120.020
80.000 1 179.740 118.840
80.000 1 183.880 115.880
80.000 1 186.240 114.700
80.000 1 187.430 114.110
80.000 1 190.970 112.930
80.000 1 192.160 112.340
80.000 1 193.340 111.750
80.000 1 202.800 107.610
80.000 1 210.480 104.060
80.000 1 215.810 104.060
80.000 2 216.990 178.560
80.000 2 215.210 180.920
80.000 2 210.480 185.650
80.000 2 207.530 186.830
80.000 2 206.940 188.020
80.000 2 206.350 190.380
80.000 2 204.570 194.520
80.000 2 203.390 195.110
80.000 2 202.800 199.250
80.000 2 198.660 201.620
80.000 2 195.110 203.390
80.000 2 193.930 203.980
80.000 2 193.340 205.750
80.000 2 193.930 207.530
80.000 2 195.110 209.300
80.000 2 196.290 208.710
80.000 2 198.070 208.710
80.000 2 199.840 208.120
80.000 2 201.020 207.530
80.000 2 201.620 206.350
80.000 2 203.980 206.350
80.000 2 204.570 205.160
80.000 2 206.350 203.980
80.000 2 207.530 203.390
80.000 2 208.710 202.210
80.000 2 211.670 201.620
80.000 2 213.440 201.620
80.000 2 215.210 200.430
80.000 2 216.990 200.430
80.000 2 218.170 199.840
80.000 2 221.130 199.250
80.000 2 223.490 198.070
80.000 2 227.040 196.890
80.000 2 228.220 196.290
80.000 2 229.400 195.700
80.000 2 231.770 194.520
80.000 2 240.050 195.110
80.000 2 241.230 193.930
80.000 2 244.190 193.340
80.000 2 245.960 193.340
80.000 2 251.280 192.160
80.000 2 248.920 187.430
80.000 2 248.320 183.290
80.000 2 247.730 182.100
80.000 2 244.190 177.370
80.000 2 243.000 176.780
80.000 2 241.820 176.190
80.000 2 240.050 173.830
80.000 2 238.860 173.240
80.000 2 237.090 173.240
80.000 2 232.950 173.830
80.000 2 225.860 173.830
80.000 2 224.670 174.420
80.000 2 221.130 176.190
80.000 2 218.170 177.970
80.000 3 179.150 134.800
80.000 3 177.370 137.170
80.000 3 176.190 138.350
80.000 3 175.600 140.130
80.000 3 175.600 146.040
80.000 3 176.780 148.990
80.000 3 177.370 150.180
80.000 3 179.150 153.720
80.000 3 179.740 154.910
80.000 3 180.330 156.090
80.000 3 181.510 160.230
80.000 3 182.100 161.410
80.000 3 182.700 163.180
80.000 3 184.470 164.370
80.000 3 185.060 165.550
80.000 3 189.200 169.690
80.000 3 190.380 170.280
80.000 3 191.560 171.460
80.000 3 192.160 172.640
80.000 3 195.110 174.420
80.000 3 196.290 175.010
80.000 3 200.430 174.420
80.000 3 203.980 174.420
80.000 3 208.710 171.460
80.000 3 209.890 172.050
80.000 3 214.030 166.140
80.000 3 214.620 164.960
80.000 3 218.170 163.180
80.000 3 218.760 162.000
80.000 3 219.940 157.860
80.000 3 220.540 150.770
80.000 3 219.940 149.590
80.000 3 216.400 143.080
80.000 3 215.210 142.490
80.000 3 210.480 140.720
80.000 3 209.300 140.130
80.000 3 208.120 139.530
80.000 3 201.020 134.210
80.000 3 194.520 130.070
80.000 3 192.160 128.890
80.000 3 187.430 130.070
80.000 3 182.100 130.070
80.000 4 235.320 143.080
80.000 4 237.090 142.490
80.000 4 245.370 136.580
80.000 4 245.960 135.400
80.000 4 249.510 132.440
80.000 4 250.100 131.260
80.000 4 251.870 130.070
80.000 4 253.650 128.890
80.000 4 254.830 128.300
80.000 4 259.560 125.940
80.000 4 260.740 125.340
80.000 4 261.920 124.750
80.000 4 263.110 124.160
80.000 4 264.290 122.980
80.000 4 266.060 122.980
80.000 4 267.240 122.390
80.000 4 269.020 122.390
80.000 4 270.200 121.800
80.000 4 274.340 121.210
80.000 4 276.110 121.210
80.000 4 282.030 118.840
80.000 4 283.800 118.840
80.000 4 287.940 118.250
80.000 4 287.940 113.520
80.000 4 286.760 114.110
80.000 4 284.980 114.110
80.000 4 274.340 112.930
80.000 4 273.160 112.340
80.000 4 271.380 111.750
80.000 4 263.700 110.560
80.000 4 261.920 109.970
80.000 4 260.150 109.970
80.000 4 251.870 109.380
80.000 4 250.100 109.380
80.000 4 248.320 109.970
80.000 4 244.780 109.970
80.000 4 240.640 111.150
80.000 4 229.400 111.150
80.000 4 228.220 111.750
80.000 4 226.450 111.750
80.000 4 221.720 112.340
80.000 4 219.940 112.340
80.000 4 217.580 113.520
80.000 4 214.620 114.700
80.000 4 214.030 116.480
80.000 4 212.850 117.070
80.000 4 208.710 121.210
80.000 4 209.890 123.570
80.000 4 211.670 127.710
80.000 4 214.620 132.440
80.000 4 217.580 133.620
80.000 4 218.760 134.210
80.000 4 219.350 135.400
80.000 4 222.900 140.720
80.000 4 225.860 145.450
80.000 4 226.450 146.630
80.000 4 227.040 150.180
80.000 4 228.810 151.950
80.000 4 230.590 151.360
80.000 4 232.950 149.590
80.000 4 236.500 143.670
80.000 5 244.780 153.720
80.000 5 242.410 155.500
80.000 5 241.230 156.090
80.000 5 237.680 156.680
80.000 5 237.090 157.860
80.000 5 235.910 159.050
80.000 5 234.730 160.230
80.000 5 234.130 162.000
80.000 5 234.730 163.180
80.000 5 235.320 164.370
80.000 5 235.910 165.550
80.000 5 236.500 167.320
80.000 5 237.680 167.910
80.000 5 240.050 169.100
80.000 5 241.820 169.690
80.000 5 242.410 170.870
80.000 5 244.780 171.460
80.000 5 245.960 172.050
80.000 5 248.320 172.050
80.000 5 248.920 173.830
80.000 5 249.510 175.010
80.000 5 250.690 175.600
80.000 5 250.690 177.370
80.000 5 251.280 178.560
80.000 5 252.460 179.150
80.000 5 254.240 180.330
80.000 5 256.010 180.920
80.000 5 256.600 182.100
80.000 5 257.190 184.470
80.000 5 257.780 185.650
80.000 5 258.380 186.830
80.000 5 258.970 188.610
80.000 5 260.740 190.970
80.000 5 261.920 191.560
80.000 5 265.470 191.560
80.000 5 266.650 190.970
80.000 5 268.430 190.970
80.000 5 270.200 190.380
80.000 5 273.160 190.970
80.000 5 274.930 190.380
80.000 5 278.480 189.200
80.000 5 280.840 188.020
80.000 5 284.980 185.650
80.000 5 285.570 184.470
80.000 5 290.300 181.510
80.000 5 291.490 180.920
80.000 5 292.670 180.330
80.000 5 293.260 179.150
80.000 5 295.620 176.780
80.000 5 296.810 176.190
80.000 5 297.400 175.010
80.000 5 300.350 171.460
80.000 5 300.950 170.280
80.000 5 301.540 169.100
80.000 5 302.130 167.910
80.000 5 302.720 166.730
80.000 5 303.900 162.590
80.000 5 304.490 160.230
80.000 5 306.860 154.910
80.000 5 307.450 153.720
80.000 5 308.630 153.130
80.000 5 309.810 151.950
80.000 5 309.810 145.450
80.000 5 309.220 144.260
80.000 5 306.860 138.940
80.000 5 306.860 136.580
80.000 5 306.270 135.400
80.000 5 305.680 134.210
80.000 5 300.950 130.670
80.000 5 299.760 129.480
80.000 5 297.400 128.300
80.000 5 288.530 127.710
80.000 5 283.210 128.890
80.000 5 282.030 129.480
80.000 5 280.250 130.070
80.000 5 278.480 130.070
80.000 5 275.520 130.670
80.000 5 273.160 131.850
80.000 5 266.650 134.800
80.000 5 265.470 135.400
80.000 5 264.290 135.990
80.000 5 260.740 139.530
80.000 5 259.560 140.720
80.000 5 258.380 141.310
80.000 5 254.240 145.450
80.000 5 253.050 146.040
80.000 5 252.460 147.220
80.000 5 248.920 150.180
80.000 5 247.730 150.770
80.000 5 246.550 151.950
80.000 5 245.370 152.540
88.000 1 221.130 105.830
88.000 1 223.490 105.830
88.000 1 233.540 106.420
88.000 1 235.910 107.020
88.000 1 237.090 107.610
88.000 1 250.100 107.610
88.000 1 258.970 108.790
88.000 1 262.510 108.790
88.000 1 263.700 109.380
88.000 1 275.520 112.930
88.000 1 276.700 113.520
88.000 1 278.480 113.520
88.000 1 293.850 118.840
88.000 1 296.220 121.210
88.000 1 306.860 127.710
88.000 1 308.040 128.890
88.000 1 308.630 130.070
88.000 1 316.910 140.130
88.000 1 317.500 141.310
88.000 1 319.870 159.640
88.000 1 319.870 161.410
88.000 1 319.270 162.590
88.000 1 316.910 179.740
88.000 1 313.360 184.470
88.000 1 311.000 185.650
88.000 1 304.490 191.560
88.000 1 303.310 192.160
88.000 1 297.990 194.520
88.000 1 296.810 195.110
88.000 1 292.080 197.480
88.000 1 290.890 198.070
88.000 1 288.530 199.250
88.000 1 284.390 201.620
88.000 1 283.210 202.210
88.000 1 281.430 202.800
88.000 1 277.300 204.570
88.000 1 276.110 205.160
88.000 1 273.160 205.750
88.000 1 271.970 205.160
88.000 1 264.290 205.160
88.000 1 263.110 205.750
88.000 1 261.330 206.350
88.000 1 255.420 207.530
88.000 1 253.650 207.530
88.000 1 249.510 206.940
88.000 1 247.730 206.940
88.000 1 246.550 206.350
88.000 1 244.780 206.350
88.000 1 243.590 205.750
88.000 1 242.410 204.570
88.000 1 240.050 203.980
88.000 1 238.270 202.800
88.000 1 235.910 201.620
88.000 1 232.950 200.430
88.000 1 231.180 199.840
88.000 1 228.220 199.840
88.000 1 227.040 200.430
88.000 1 225.270 200.430
88.000 1 221.720 201.620
88.000 1 220.540 202.210
88.000 1 218.760 202.800
88.000 1 216.400 203.390
88.000 1 215.210 203.980
88.000 1 214.030 204.570
88.000 1 211.080 205.160
88.000 1 209.890 205.750
88.000 1 207.530 206.350
88.000 1 206.350 206.940
88.000 1 204.570 208.120
88.000 1 202.210 209.300
88.000 1 199.250 211.080
88.000 1 197.480 211.080
88.000 1 192.160 212.260
88.000 1 187.430 213.440
88.000 1 180.920 218.170
88.000 1 177.970 214.620
88.000 1 179.740 214.030
88.000 1 185.650 206.940
88.000 1 186.240 205.750
88.000 1 186.830 204.570
88.000 1 188.020 203.390
88.000 1 192.750 195.110
88.000 1 193.340 193.340
88.000 1 197.480 186.240
88.000 1 205.160 181.510
88.000 1 206.940 181.510
88.000 1 208.120 180.920
88.000 1 219.350 175.600
88.000 1 220.540 175.010
88.000 1 219.940 173.240
88.000 1 216.400 173.240
88.000 1 214.030 173.830
88.000 1 203.980 176.780
88.000 1 203.390 177.970
88.000 1 201.020 178.560
88.000 1 192.160 179.740
88.000 1 190.380 179.150
88.000 1 185.060 172.640
88.000 1 184.470 171.460
88.000 1 183.290 170.870
88.000 1 182.700 169.690
88.000 1 181.510 168.510
88.000 1 175.600 162.000
88.000 1 175.010 160.820
88.000 1 172.050 147.810
88.000 1 172.050 146.040
88.000 1 174.420 132.440
88.000 1 175.010 131.260
88.000 1 178.560 125.340
88.000 1 179.740 124.750
88.000 1 180.330 123.570
88.000 1 190.970 116.480
88.000 1 199.840 111.150
88.000 1 201.620 111.150
88.000 1 203.390 110.560
88.000 1 205.160 110.560
88.000 1 206.940 109.970
88.000 1 208.710 109.970
88.000 1 209.890 109.380
88.000 1 220.540 106.420
88.000 2 179.740 131.850
88.000 2 177.970 133.620
88.000 2 176.780 135.990
88.000 2 176.780 137.760
88.000 2 176.190 139.530
88.000 2 176.780 146.040
88.000 2 176.780 153.130
88.000 2 177.370 154.320
88.000 2 180.330 158.450
88.000 2 181.510 159.050
88.000 2 183.290 162.590
88.000 2 184.470 163.780
88.000 2 185.060 164.960
88.000 2 188.610 168.510
88.000 2 189.790 169.100
88.000 2 190.380 170.280
88.000 2 192.160 173.240
88.000 2 193.340 174.420
88.000 2 194.520 176.190
88.000 2 196.290 176.190
88.000 2 197.480 175.600
88.000 2 198.660 175.010
88.000 2 200.430 174.420
88.000 2 202.800 173.830
88.000 2 203.390 172.640
88.000 2 206.350 169.690
88.000 2 206.940 168.510
88.000 2 210.480 163.180
88.000 2 210.480 161.410
88.000 2 211.080 157.860
88.000 2 210.480 156.680
88.000 2 209.300 151.360
88.000 2 208.710 143.670
88.000 2 208.120 140.720
88.000 2 207.530 139.530
88.000 2 206.350 138.940
88.000 2 203.390 134.210
88.000 2 202.800 133.030
88.000 2 198.070 128.300
88.000 2 196.890 127.710
88.000 2 188.610 127.710
88.000 2 186.240 128.300
88.000 2 185.060 128.890
88.000 2 183.290 129.480
88.000 2 182.100 130.070
88.000 2 180.920 131.260
88.000 3 248.920 137.170
88.000 3 253.050 131.850
88.000 3 254.240 131.260
88.000 3 255.420 130.070
88.000 3 260.740 125.340
88.000 3 261.920 124.750
88.000 3 263.700 124.160
88.000 3 267.840 122.390
88.000 3 263.700 115.290
88.000 3 261.330 115.290
88.000 3 253.050 114.110
88.000 3 249.510 114.110
88.000 3 245.370 112.930
88.000 3 244.190 112.340
88.000 3 230.590 112.340
88.000 3 229.400 112.930
88.000 3 228.220 113.520
88.000 3 226.450 114.110
88.000 3 223.490 114.110
88.000 3 221.130 115.290
88.000 3 215.210 119.430
88.000 3 214.030 120.020
88.000 3 212.260 121.210
88.000 3 210.480 122.390
88.000 3 209.890 123.570
88.000 3 212.260 128.890
88.000 3 212.850 130.070
88.000 3 212.850 131.850
88.000 3 214.620 137.760
88.000 3 215.210 138.940
88.000 3 215.210 144.260
88.000 3 215.810 146.040
88.000 3 216.400 147.220
88.000 3 218.760 150.180
88.000 3 219.940 150.770
88.000 3 224.080 151.360
88.000 3 225.860 150.770
88.000 3 227.040 150.180
88.000 3 227.630 148.990
88.000 3 230.590 148.400
88.000 3 234.130 146.630
88.000 3 235.320 145.450
88.000 3 236.500 144.860
88.000 3 237.680 143.670
88.000 3 238.860 142.490
88.000 3 241.230 140.720
88.000 3 242.410 140.130
88.000 3 243.590 139.530
88.000 3 244.780 137.760
88.000 3 246.550 137.760
88.000 4 260.740 141.310
88.000 4 259.560 141.310
88.000 4 255.420 146.040
88.000 4 248.320 151.950
88.000 4 240.640 157.270
88.000 4 234.130 164.370
88.000 4 233.540 170.280
88.000 4 231.180 177.370
88.000 4 230.000 177.970
88.000 4 221.130 182.100
88.000 4 219.350 182.700
88.000 4 217.580 182.700
88.000 4 211.670 185.060
88.000 4 209.890 185.650
88.000 4 202.210 189.790
88.000 4 201.020 190.380
88.000 4 199.840 190.970
88.000 4 197.480 195.700
88.000 4 196.290 196.890
88.000 4 197.480 199.840
88.000 4 199.250 199.840
88.000 4 201.020 200.430
88.000 4 202.210 201.020
88.000 4 203.390 200.430
88.000 4 205.160 201.020
88.000 4 206.940 201.620
88.000 4 211.670 200.430
88.000 4 212.850 199.840
88.000 4 214.620 199.250
88.000 4 218.170 197.480
88.000 4 219.940 197.480
88.000 4 221.720 196.890
88.000 4 229.400 196.890
88.000 4 232.360 197.480
88.000 4 235.910 197.480
88.000 4 240.640 198.070
88.000 4 243.590 196.290
88.000 4 244.190 195.110
88.000 4 245.370 193.340
88.000 4 245.960 192.160
88.000 4 248.320 188.610
88.000 4 248.320 186.830
88.000 4 258.970 183.290
88.000 4 260.740 182.700
88.000 4 261.920 183.290
88.000 4 263.700 183.880
88.000 4 267.240 185.650
88.000 4 269.610 186.240
88.000 4 270.790 186.830
88.000 4 276.110 186.240
88.000 4 277.300 185.650
88.000 4 278.480 185.060
88.000 4 279.070 183.880
88.000 4 280.840 179.150
88.000 4 282.620 179.150
88.000 4 283.210 177.970
88.000 4 284.980 175.010
88.000 4 285.570 173.830
88.000 4 285.570 172.050
88.000 4 288.530 168.510
88.000 4 289.710 167.910
88.000 4 290.300 166.730
88.000 4 295.620 162.000
88.000 4 296.810 161.410
88.000 4 298.580 157.270
88.000 4 299.170 155.500
88.000 4 302.720 148.400
88.000 4 303.900 147.810
88.000 4 304.490 146.630
88.000 4 305.080 141.310
88.000 4 303.900 140.130
88.000 4 296.810 135.400
88.000 4 294.440 133.030
88.000 4 288.530 133.030
88.000 4 286.760 132.440
88.000 4 284.980 131.850
88.000 4 273.750 134.800
88.000 4 272.570 135.400
88.000 4 270.790 135.400
88.000 4 268.430 135.990
88.000 4 263.110 139.530
88.000 4 261.920 140.130
96.000 1 206.350 166.730
96.000 1 203.390 162.590
96.000 1 199.840 164.960
96.000 1 196.290 174.420
96.000 1 188.020 176.780
96.000 1 186.830 177.370
96.000 1 180.920 172.050
96.000 1 181.510 164.370
96.000 1 187.430 158.450
96.000 1 196.290 160.230
96.000 1 202.800 158.450
96.000 1 202.210 154.910
96.000 1 201.620 153.130
96.000 1 202.210 148.400
96.000 1 203.390 147.810
96.000 1 204.570 146.630
96.000 1 207.530 144.860
96.000 1 209.300 144.260
96.000 1 211.080 143.670
96.000 1 214.620 141.900
96.000 1 218.170 141.900
96.000 1 224.670 140.720
96.000 1 228.810 144.860
96.000 1 230.000 145.450
96.000 1 232.950 148.990
96.000 1 233.540 150.180
96.000 1 236.500 153.130
96.000 1 240.050 156.680
96.000 1 242.410 160.230
96.000 1 247.140 156.090
96.000 1 247.140 148.400
96.000 1 244.780 146.040
96.000 1 244.190 144.860
96.000 1 242.410 144.860
96.000 1 240.050 142.490
96.000 1 238.860 141.900
96.000 1 237.680 140.720
96.000 1 234.730 140.130
96.000 1 232.950 140.130
96.000 1 229.400 138.350
96.000 1 228.220 137.760
96.000 1 224.080 135.400
96.000 1 222.900 134.210
96.000 1 218.760 128.890
96.000 1 216.400 122.980
96.000 1 217.580 122.390
96.000 1 221.720 117.660
96.000 1 222.900 116.480
96.000 1 224.670 116.480
96.000 1 232.360 112.340
96.000 1 233.540 111.750
96.000 1 239.460 111.150
96.000 1 240.640 111.750
96.000 1 241.820 112.340
96.000 1 248.920 114.110
96.000 1 250.100 114.700
96.000 1 255.420 118.840
96.000 1 256.600 119.430
96.000 1 257.780 126.530
96.000 1 258.970 124.750
96.000 1 258.970 122.980
96.000 1 258.380 121.800
96.000 1 259.560 120.020
96.000 1 263.700 119.430
96.000 1 264.880 118.840
96.000 1 271.970 115.880
96.000 1 273.750 115.880
96.000 1 282.030 116.480
96.000 1 283.800 116.480
96.000 1 295.030 127.120
96.000 1 296.220 127.710
96.000 1 297.400 128.300
96.000 1 311.590 137.170
96.000 1 312.770 137.760
96.000 1 313.950 138.940
96.000 1 315.140 150.180
96.000 1 315.140 151.950
96.000 1 309.220 170.280
96.000 1 308.630 171.460
96.000 1 307.450 172.050
96.000 1 306.860 175.600
96.000 1 305.080 182.100
96.000 1 303.310 182.100
96.000 1 298.580 184.470
96.000 1 294.440 184.470
96.000 1 286.760 188.610
96.000 1 285.570 189.200
96.000 1 277.890 195.700
96.000 1 273.750 196.890
96.000 1 271.970 196.890
96.000 1 269.020 196.290
96.000 1 267.840 196.890
96.000 1 266.650 197.480
96.000 1 262.510 198.070
96.000 1 260.150 202.800
96.000 1 265.470 206.350
96.000 1 266.060 207.530
96.000 1 271.380 214.620
96.000 1 271.970 215.810
96.000 1 272.570 216.990
96.000 1 272.570 220.540
96.000 1 271.380 221.130
96.000 1 267.240 222.310
96.000 1 263.110 222.900
96.000 1 254.240 226.450
96.000 1 250.100 225.270
96.000 1 250.100 221.130
96.000 1 248.920 216.990
96.000 1 249.510 215.210
96.000 1 247.730 210.480
96.000 1 247.730 208.710
96.000 1 246.550 207.530
96.000 1 245.960 206.350
96.000 1 243.000 205.750
96.000 1 238.270 203.390
96.000 1 221.130 203.390
96.000 1 215.210 202.210
96.000 1 211.670 202.210
96.000 1 205.160 203.980
96.000 1 203.980 204.570
96.000 1 202.210 204.570
96.000 1 201.020 205.160
96.000 1 198.070 206.350
96.000 1 196.890 207.530
96.000 1 196.290 208.710
96.000 1 191.560 208.710
96.000 1 188.020 209.890
96.000 1 177.370 209.890
96.000 1 176.190 210.480
96.000 1 174.420 210.480
96.000 1 169.100 212.260
96.000 1 166.140 208.710
96.000 1 168.510 201.020
96.000 1 169.690 200.430
96.000 1 176.780 197.480
96.000 1 177.970 196.290
96.000 1 179.150 193.930
96.000 1 184.470 189.200
96.000 1 188.020 186.830
96.000 1 186.830 185.650
96.000 1 183.290 183.290
96.000 1 179.740 180.330
96.000 1 180.920 179.740
96.000 1 187.430 180.920
96.000 1 199.840 180.920
96.000 1 201.020 180.330
96.000 1 206.350 178.560
96.000 1 208.710 178.560
96.000 1 209.890 177.970
96.000 1 211.080 177.370
96.000 1 216.400 177.370
96.000 1 217.580 177.970
96.000 1 219.350 177.970
96.000 1 224.080 176.780
96.000 1 225.860 176.780
96.000 1 227.630 176.190
96.000 1 235.320 176.190
96.000 1 235.910 170.870
96.000 1 228.810 171.460
96.000 1 226.450 172.050
96.000 1 219.940 173.830
96.000 1 216.400 173.830
96.000 1 211.080 172.050
96.000 1 209.890 171.460
96.000 1 206.940 167.910
96.000 2 201.020 201.620
96.000 2 202.800 201.020
96.000 2 204.570 200.430
96.000 2 206.350 199.840
96.000 2 213.440 199.250
96.000 2 215.210 199.250
96.000 2 216.990 198.660
96.000 2 218.170 197.480
96.000 2 222.310 196.290
96.000 2 225.860 196.290
96.000 2 231.180 197.480
96.000 2 232.360 198.070
96.000 2 238.860 198.070
96.000 2 240.640 198.660
96.000 2 243.000 199.840
96.000 2 244.190 200.430
96.000 2 247.730 203.390
96.000 2 248.320 204.570
96.000 2 249.510 205.750
96.000 2 253.050 209.890
96.000 2 253.650 211.080
96.000 2 253.650 212.850
96.000 2 254.830 218.170
96.000 2 255.420 219.940
96.000 2 258.380 222.900
96.000 2 264.290 220.540
96.000 2 266.060 220.540
96.000 2 265.470 215.810
96.000 2 261.920 211.670
96.000 2 261.330 210.480
96.000 2 258.970 207.530
96.000 2 258.380 206.350
96.000 2 257.780 203.980
96.000 2 256.600 201.620
96.000 2 258.380 199.250
96.000 2 258.380 197.480
96.000 2 259.560 194.520
96.000 2 260.740 193.930
96.000 2 260.150 189.790
96.000 2 261.330 187.430
96.000 2 262.510 185.060
96.000 2 263.110 183.880
96.000 2 263.110 182.100
96.000 2 266.650 185.060
96.000 2 269.020 185.650
96.000 2 270.200 186.240
96.000 2 273.750 189.200
96.000 2 274.930 189.790
96.000 2 276.700 188.020
96.000 2 277.890 187.430
96.000 2 282.620 183.880
96.000 2 283.210 182.700
96.000 2 282.620 179.740
96.000 2 281.430 178.560
96.000 2 276.700 172.640
96.000 2 275.520 172.050
96.000 2 271.970 173.240
96.000 2 269.610 174.420
96.000 2 266.060 173.240
96.000 2 267.840 166.140
96.000 2 267.840 164.370
96.000 2 264.880 155.500
96.000 2 257.780 159.640
96.000 2 257.190 166.730
96.000 2 256.010 167.910
96.000 2 251.870 170.870
96.000 2 250.690 171.460
96.000 2 248.320 175.010
96.000 2 247.140 175.600
96.000 2 244.190 176.190
96.000 2 243.000 176.780
96.000 2 238.860 177.970
96.000 2 237.680 178.560
96.000 2 232.360 179.740
96.000 2 230.000 180.920
96.000 2 227.630 181.510
96.000 2 219.350 181.510
96.000 2 217.580 180.920
96.000 2 208.120 182.700
96.000 2 206.350 182.700
96.000 2 205.160 183.290
96.000 2 203.980 183.880
96.000 2 198.660 185.060
96.000 2 197.480 185.650
96.000 2 196.290 186.240
96.000 2 193.930 187.430
96.000 2 192.750 188.020
96.000 2 195.700 203.390
96.000 3 240.640 162.590
96.000 3 239.460 162.000
96.000 3 236.500 156.680
96.000 3 235.910 155.500
96.000 3 230.590 151.360
96.000 3 229.400 150.770
96.000 3 224.080 146.040
96.000 3 218.760 145.450
96.000 3 216.990 145.450
96.000 3 214.620 147.810
96.000 3 213.440 148.400
96.000 3 208.710 150.770
96.000 3 207.530 153.130
96.000 3 206.940 156.090
96.000 3 207.530 157.270
96.000 3 209.890 165.550
96.000 3 213.440 166.730
96.000 3 214.620 167.320
96.000 3 217.580 167.910
96.000 3 218.760 168.510
96.000 3 222.310 169.100
96.000 3 227.040 169.100
96.000 3 233.540 168.510
96.000 3 238.860 168.510
96.000 3 240.050 163.780
96.000 4 253.650 125.940
96.000 4 253.050 124.750
96.000 4 251.870 120.020
96.000 4 250.690 119.430
96.000 4 241.820 115.880
96.000 4 233.540 115.290
96.000 4 231.770 115.880
96.000 4 229.400 116.480
96.000 4 225.270 118.840
96.000 4 224.080 120.020
96.000 4 222.310 122.390
96.000 4 222.310 124.160
96.000 4 224.670 128.890
96.000 4 225.860 129.480
96.000 4 229.400 131.850
96.000 4 230.590 132.440
96.000 4 232.360 134.210
96.000 4 232.950 135.400
96.000 4 234.130 135.990
96.000 4 238.860 138.940
96.000 4 240.050 140.130
96.000 4 244.190 143.080
96.000 4 250.690 143.670
96.000 4 251.870 143.080
96.000 4 256.010 138.350
96.000 4 255.420 136.580
96.000 4 255.420 129.480
104.000 1 303.900 141.900
104.000 1 305.080 144.860
104.000 1 304.490 152.540
104.000 1 305.080 153.720
104.000 1 305.080 155.500
104.000 1 304.490 156.680
104.000 1 303.900 158.450
104.000 1 303.310 160.230
104.000 1 301.540 163.780
104.000 1 301.540 165.550
104.000 1 300.950 166.730
104.000 1 300.350 167.910
104.000 1 297.990 169.690
104.000 1 296.810 170.870
104.000 1 295.620 172.050
104.000 1 295.030 173.240
104.000 1 293.850 173.830
104.000 1 292.670 176.190
104.000 1 292.670 177.970
104.000 1 292.080 179.150
104.000 1 287.350 182.700
104.000 1 286.760 183.880
104.000 1 285.570 184.470
104.000 1 283.210 185.650
104.000 1 278.480 189.790
104.000 1 277.890 190.970
104.000 1 276.700 193.340
104.000 1 276.700 195.110
104.000 1 275.520 196.290
104.000 1 273.750 201.020
104.000 1 273.160 202.210
104.000 1 267.840 202.210
104.000 1 260.740 200.430
104.000 1 258.970 201.020
104.000 1 257.780 201.620
104.000 1 249.510 198.070
104.000 1 248.320 198.660
104.000 1 246.550 198.660
104.000 1 242.410 200.430
104.000 1 241.230 201.020
104.000 1 240.050 202.210
104.000 1 238.860 202.800
104.000 1 237.090 203.980
104.000 1 234.130 204.570
104.000 1 232.360 204.570
104.000 1 231.180 203.980
104.000 1 223.490 201.020
104.000 1 221.720 200.430
104.000 1 221.130 199.250
104.000 1 209.890 196.290
104.000 1 208.120 196.290
104.000 1 203.980 196.890
104.000 1 201.620 198.070
104.000 1 199.840 198.070
104.000 1 197.480 199.250
104.000 1 196.290 199.840
104.000 1 195.110 200.430
104.000 1 189.200 202.800
104.000 1 188.020 203.980
104.000 1 187.430 205.160
104.000 1 186.240 205.750
104.000 1 184.470 206.350
104.000 1 184.470 201.620
104.000 1 182.700 199.840
104.000 1 181.510 199.250
104.000 1 178.560 195.110
104.000 1 179.150 190.380
104.000 1 178.560 183.290
104.000 1 185.060 180.920
104.000 1 186.240 182.100
104.000 1 187.430 182.700
104.000 1 195.700 182.700
104.000 1 196.890 182.100
104.000 1 198.660 182.100
104.000 1 200.430 182.700
104.000 1 203.980 182.700
104.000 1 205.160 182.100
104.000 1 206.350 181.510
104.000 1 209.300 181.510
104.000 1 213.440 180.920
104.000 1 215.210 180.920
104.000 1 216.990 180.330
104.000 1 221.130 179.740
104.000 1 222.900 179.150
104.000 1 225.270 176.780
104.000 1 229.400 175.600
104.000 1 231.180 175.010
104.000 1 236.500 175.010
104.000 1 237.680 174.420
104.000 1 239.460 174.420
104.000 1 241.820 175.010
104.000 1 245.960 175.010
104.000 1 248.320 174.420
104.000 1 249.510 173.830
104.000 1 250.690 173.240
104.000 1 251.870 172.640
104.000 1 253.050 172.050
104.000 1 254.830 170.280
104.000 1 254.830 168.510
104.000 1 254.240 166.140
104.000 1 253.650 164.960
104.000 1 253.050 163.780
104.000 1 252.460 162.590
104.000 1 252.460 157.270
104.000 1 251.870 156.090
104.000 1 245.960 155.500
104.000 1 244.780 156.680
104.000 1 239.460 160.820
104.000 1 241.230 165.550
104.000 1 236.500 169.690
104.000 1 234.730 169.690
104.000 1 233.540 170.280
104.000 1 227.040 172.050
104.000 1 223.490 172.050
104.000 1 219.940 169.690
104.000 1 218.760 169.100
104.000 1 211.670 167.320
104.000 1 210.480 166.730
104.000 1 209.300 166.140
104.000 1 204.570 163.180
104.000 1 202.210 162.000
104.000 1 199.840 160.820
104.000 1 199.250 162.000
104.000 1 199.840 167.910
104.000 1 196.890 173.240
104.000 1 187.430 176.780
104.000 1 186.240 177.370
104.000 1 185.060 178.560
104.000 1 179.740 179.150
104.000 1 179.150 177.970
104.000 1 176.780 173.830
104.000 1 177.370 172.640
104.000 1 177.370 170.870
104.000 1 178.560 166.730
104.000 1 179.740 166.140
104.000 1 180.920 163.780
104.000 1 183.880 162.000
104.000 1 185.650 161.410
104.000 1 186.240 160.230
104.000 1 190.380 160.230
104.000 1 196.890 159.640
104.000 1 193.340 159.640
104.000 1 192.160 159.050
104.000 1 188.610 157.860
104.000 1 183.290 154.320
104.000 1 183.880 146.630
104.000 1 188.020 140.720
104.000 1 189.200 140.130
104.000 1 190.380 139.530
104.000 1 195.700 138.940
104.000 1 196.890 138.350
104.000 1 200.430 138.350
104.000 1 202.210 137.760
104.000 1 205.160 137.170
104.000 1 208.710 137.170
104.000 1 211.080 137.760
104.000 1 212.850 137.760
104.000 1 221.720 140.720
104.000 1 223.490 140.720
104.000 1 224.670 141.310
104.000 1 230.590 144.260
104.000 1 234.130 151.360
104.000 1 235.320 151.950
104.000 1 235.910 153.130
104.000 1 240.640 153.130
104.000 1 243.000 150.770
104.000 1 241.230 147.810
104.000 1 240.640 146.630
104.000 1 238.270 144.260
104.000 1 237.680 143.080
104.000 1 234.130 141.900
104.000 1 232.360 141.900
104.000 1 225.270 137.760
104.000 1 220.540 134.800
104.000 1 219.350 133.620
104.000 1 219.350 123.570
104.000 1 223.490 117.660
104.000 1 224.080 116.480
104.000 1 225.270 115.880
104.000 1 226.450 115.290
104.000 1 228.220 114.700
104.000 1 229.400 114.110
104.000 1 231.180 114.110
104.000 1 240.640 112.340
104.000 1 248.920 112.340
104.000 1 250.690 112.930
104.000 1 251.870 113.520
104.000 1 256.010 118.250
104.000 1 257.190 118.840
104.000 1 263.700 122.980
104.000 1 265.470 131.850
104.000 1 264.880 137.760
104.000 1 264.880 139.530
104.000 1 266.060 141.310
104.000 1 266.060 143.080
104.000 1 266.650 144.260
104.000 1 267.240 145.450
104.000 1 269.020 146.630
104.000 1 283.210 146.630
104.000 1 284.980 146.040
104.000 1 286.760 146.040
104.000 1 287.940 145.450
104.000 1 293.260 143.670
104.000 1 298.580 142.490
104.000 2 260.150 166.730
104.000 2 260.150 167.910
104.000 2 259.560 170.870
104.000 2 259.560 172.640
104.000 2 256.010 175.600
104.000 2 254.830 176.190
104.000 2 249.510 177.970
104.000 2 245.370 177.970
104.000 2 244.190 178.560
104.000 2 238.270 179.150
104.000 2 236.500 179.150
104.000 2 229.400 180.920
104.000 2 227.630 181.510
104.000 2 220.540 183.290
104.000 2 218.760 183.880
104.000 2 213.440 185.060
104.000 2 199.250 185.060
104.000 2 193.340 185.650
104.000 2 192.160 186.240
104.000 2 190.380 186.240
104.000 2 186.830 186.830
104.000 2 185.650 187.430
104.000 2 183.290 189.200
104.000 2 182.100 190.380
104.000 2 183.290 193.340
104.000 2 183.290 195.110
104.000 2 184.470 197.480
104.000 2 185.650 198.070
104.000 2 186.830 199.250
104.000 2 188.020 199.840
104.000 2 190.970 199.840
104.000 2 192.160 199.250
104.000 2 197.480 197.480
104.000 2 198.660 196.890
104.000 2 202.210 195.700
104.000 2 203.980 195.110
104.000 2 205.160 194.520
104.000 2 212.850 193.930
104.000 2 219.350 195.110
104.000 2 221.130 195.700
104.000 2 225.270 197.480
104.000 2 227.040 197.480
104.000 2 230.000 199.250
104.000 2 231.180 200.430
104.000 2 234.130 201.020
104.000 2 235.910 200.430
104.000 2 238.860 199.250
104.000 2 240.050 198.660
104.000 2 244.190 196.890
104.000 2 250.690 195.110
104.000 2 257.780 196.290
104.000 2 258.970 196.890
104.000 2 260.740 198.070
104.000 2 261.920 198.660
104.000 2 264.880 198.660
104.000 2 266.060 198.070
104.000 2 266.650 196.890
104.000 2 268.430 196.890
104.000 2 269.610 196.290
104.000 2 271.970 192.160
104.000 2 272.570 190.970
104.000 2 274.930 188.020
104.000 2 275.520 186.830
104.000 2 276.110 185.650
104.000 2 278.480 183.290
104.000 2 279.660 181.510
104.000 2 280.840 180.920
104.000 2 284.390 175.010
104.000 2 282.030 169.690
104.000 2 282.030 167.320
104.000 2 279.070 163.180
104.000 2 277.890 162.590
104.000 2 276.700 161.410
104.000 2 271.970 159.640
104.000 2 269.610 159.640
104.000 2 267.240 159.050
104.000 2 264.290 159.640
104.000 2 263.700 160.820
104.000 2 262.510 164.960
104.000 2 261.330 165.550
104.000 3 234.730 138.350
104.000 3 237.090 138.940
104.000 3 238.270 139.530
104.000 3 240.640 143.670
104.000 3 241.820 144.260
104.000 3 245.370 147.810
104.000 3 247.140 148.400
104.000 3 248.320 147.810
104.000 3 251.280 144.860
104.000 3 253.050 144.260
104.000 3 254.240 143.670
104.000 3 257.190 142.490
104.000 3 259.560 140.720
104.000 3 261.330 138.350
104.000 3 260.740 137.170
104.000 3 260.740 130.670
104.000 3 260.150 126.530
104.000 3 254.240 122.390
104.000 3 249.510 119.430
104.000 3 249.510 117.660
104.000 3 244.780 115.880
104.000 3 243.000 116.480
104.000 3 237.090 115.880
104.000 3 231.180 117.660
104.000 3 229.400 117.660
104.000 3 226.450 119.430
104.000 3 225.860 120.610
104.000 3 222.900 123.570
104.000 3 222.310 126.530
104.000 3 222.310 130.070
104.000 3 222.900 131.260
104.000 3 224.080 133.030
104.000 3 224.670 134.210
104.000 3 226.450 135.990
104.000 3 228.220 136.580
104.000 3 229.400 137.170
104.000 3 231.180 136.580
104.000 4 231.770 154.320
104.000 4 231.180 153.130
104.000 4 227.630 148.400
104.000 4 227.040 147.220
104.000 4 225.860 146.630
104.000 4 225.270 145.450
104.000 4 224.080 144.860
104.000 4 215.210 142.490
104.000 4 209.890 141.900
104.000 4 208.120 141.310
104.000 4 206.350 141.310
104.000 4 199.840 140.130
104.000 4 198.070 140.130
104.000 4 195.110 141.310
104.000 4 191.560 141.310
104.000 4 190.380 141.900
104.000 4 186.830 145.450
104.000 4 186.830 152.540
104.000 4 188.020 153.130
104.000 4 189.790 154.320
104.000 4 191.560 154.910
104.000 4 193.340 154.910
104.000 4 195.110 156.090
104.000 4 198.070 157.270
104.000 4 202.800 159.640
104.000 4 205.160 160.230
104.000 4 214.620 163.780
104.000 4 215.810 164.370
104.000 4 216.990 164.960
104.000 4 222.310 166.730
104.000 4 223.490 167.320
104.000 4 228.810 168.510
104.000 4 230.000 167.910
104.000 4 231.180 167.320
104.000 4 231.770 166.140
104.000 4 231.770 164.370
104.000 4 232.360 163.180
104.000 4 233.540 160.230
104.000 4 233.540 158.450
104.000 4 232.950 157.270
112.000 1 228.810 119.430
112.000 1 231.180 119.430
112.000 1 232.950 118.840
112.000 1 235.320 118.840
112.000 1 241.820 117.070
112.000 1 243.590 117.660
112.000 1 245.370 117.660
112.000 1 247.730 118.840
112.000 1 248.920 119.430
112.000 1 249.510 120.610
112.000 1 250.690 121.800
112.000 1 251.280 122.980
112.000 1 254.240 124.750
112.000 1 256.010 125.340
112.000 1 263.700 129.480
112.000 1 264.290 130.670
112.000 1 264.880 131.850
112.000 1 264.880 133.620
112.000 1 265.470 134.800
112.000 1 265.470 136.580
112.000 1 266.060 138.940
112.000 1 266.060 140.720
112.000 1 264.880 143.080
112.000 1 261.920 147.220
112.000 1 261.330 148.400
112.000 1 260.150 149.590
112.000 1 258.380 151.360
112.000 1 257.780 152.540
112.000 1 256.600 153.720
112.000 1 254.830 154.320
112.000 1 251.870 156.090
112.000 1 249.510 157.270
112.000 1 247.730 157.860
112.000 1 245.960 157.860
112.000 1 244.780 158.450
112.000 1 243.000 158.450
112.000 1 241.820 157.270
112.000 1 240.050 156.680
112.000 1 235.320 156.680
112.000 1 234.130 158.450
112.000 1 233.540 159.640
112.000 1 231.770 162.000
112.000 1 231.180 163.180
112.000 1 228.220 164.370
112.000 1 227.040 164.960
112.000 1 224.670 165.550
112.000 1 223.490 166.140
112.000 1 221.720 166.140
112.000 1 220.540 166.730
112.000 1 218.170 167.320
112.000 1 216.990 167.910
112.000 1 211.670 168.510
112.000 1 209.890 168.510
112.000 1 208.710 169.100
112.000 1 206.940 169.100
112.000 1 205.160 168.510
112.000 1 203.980 167.910
112.000 1 202.800 167.320
112.000 1 201.620 164.960
112.000 1 200.430 162.590
112.000 1 198.070 160.230
112.000 1 196.290 162.590
112.000 1 198.660 167.320
112.000 1 198.660 170.280
112.000 1 197.480 172.640
112.000 1 192.750 176.780
112.000 1 195.700 180.330
112.000 1 198.660 180.330
112.000 1 202.800 177.970
112.000 1 204.570 177.970
112.000 1 206.940 177.370
112.000 1 215.810 175.600
112.000 1 216.990 175.010
112.000 1 225.270 177.370
112.000 1 228.810 177.370
112.000 1 230.590 176.780
112.000 1 232.360 175.600
112.000 1 234.130 175.600
112.000 1 235.320 175.010
112.000 1 237.090 174.420
112.000 1 240.050 173.240
112.000 1 241.820 173.240
112.000 1 247.140 170.870
112.000 1 253.050 170.870
112.000 1 259.560 170.280
112.000 1 261.330 170.870
112.000 1 264.290 171.460
112.000 1 270.200 172.640
112.000 1 271.380 173.830
112.000 1 271.970 175.010
112.000 1 273.160 182.700
112.000 1 271.970 183.880
112.000 1 269.610 189.200
112.000 1 273.160 198.070
112.000 1 274.340 198.660
112.000 1 278.480 202.210
112.000 1 279.660 202.800
112.000 1 279.070 203.980
112.000 1 277.890 204.570
112.000 1 275.520 206.350
112.000 1 274.340 206.940
112.000 1 272.570 206.940
112.000 1 266.650 204.570
112.000 1 264.880 203.390
112.000 1 263.700 202.210
112.000 1 261.920 202.210
112.000 1 258.970 200.430
112.000 1 254.240 200.430
112.000 1 246.550 202.210
112.000 1 245.370 202.800
112.000 1 241.230 202.800
112.000 1 240.050 202.210
112.000 1 237.680 201.020
112.000 1 237.090 199.840
112.000 1 235.910 199.250
112.000 1 234.130 196.890
112.000 1 232.950 195.700
112.000 1 231.770 195.110
112.000 1 228.810 193.340
112.000 1 227.630 192.750
112.000 1 224.670 190.970
112.000 1 221.720 189.200
112.000 1 220.540 188.610
112.000 1 218.170 187.430
112.000 1 216.990 186.830
112.000 1 215.810 189.200
112.000 1 214.620 190.380
112.000 1 213.440 191.560
112.000 1 212.260 192.160
112.000 1 211.080 192.750
112.000 1 207.530 193.930
112.000 1 206.350 195.110
112.000 1 205.160 195.700
112.000 1 202.210 195.700
112.000 1 201.020 196.290
112.000 1 199.840 196.890
112.000 1 198.660 197.480
112.000 1 196.890 197.480
112.000 1 194.520 199.250
112.000 1 193.930 200.430
112.000 1 192.160 200.430
112.000 1 189.790 199.840
112.000 1 187.430 201.020
112.000 1 185.650 200.430
112.000 1 184.470 197.480
112.000 1 183.290 196.890
112.000 1 179.150 188.610
112.000 1 184.470 186.240
112.000 1 188.020 183.290
112.000 1 188.020 178.560
112.000 1 182.700 178.560
112.000 1 182.100 177.370
112.000 1 179.150 174.420
112.000 1 178.560 169.690
112.000 1 179.740 165.550
112.000 1 183.290 163.180
112.000 1 183.880 162.000
112.000 1 186.830 160.820
112.000 1 190.380 161.410
112.000 1 191.560 162.000
112.000 1 195.110 160.230
112.000 1 192.160 158.450
112.000 1 191.560 156.680
112.000 1 189.200 153.130
112.000 1 189.200 147.220
112.000 1 190.380 144.860
112.000 1 192.160 142.490
112.000 1 193.340 141.900
112.000 1 194.520 140.720
112.000 1 199.250 138.350
112.000 1 200.430 137.760
112.000 1 201.620 137.170
112.000 1 206.940 136.580
112.000 1 208.710 136.580
112.000 1 217.580 138.350
112.000 1 222.310 141.900
112.000 1 224.670 139.530
112.000 1 223.490 138.350
112.000 1 221.720 133.620
112.000 1 221.720 131.850
112.000 1 221.130 127.710
112.000 1 221.720 126.530
112.000 1 224.080 122.390
112.000 1 224.670 121.210
112.000 1 226.450 120.610
112.000 2 244.780 173.830
112.000 2 241.820 175.600
112.000 2 238.860 176.780
112.000 2 237.680 177.370
112.000 2 234.730 179.150
112.000 2 228.220 179.740
112.000 2 221.720 179.740
112.000 2 217.580 179.150
112.000 2 215.810 179.740
112.000 2 212.260 179.740
112.000 2 211.080 180.330
112.000 2 209.890 180.920
112.000 2 203.980 180.330
112.000 2 202.800 180.920
112.000 2 201.020 180.920
112.000 2 199.840 181.510
112.000 2 198.070 181.510
112.000 2 194.520 183.290
112.000 2 192.750 183.290
112.000 2 189.790 184.470
112.000 2 188.610 186.830
112.000 2 188.020 188.020
112.000 2 188.020 189.790
112.000 2 186.830 190.380
112.000 2 185.650 190.970
112.000 2 186.240 192.750
112.000 2 186.240 194.520
112.000 2 187.430 196.290
112.000 2 188.610 196.890
112.000 2 190.380 196.890
112.000 2 191.560 196.290
112.000 2 192.750 195.700
112.000 2 194.520 195.110
112.000 2 195.700 194.520
112.000 2 196.890 193.930
112.000 2 198.070 193.340
112.000 2 199.840 193.340
112.000 2 201.020 192.750
112.000 2 204.570 190.970
112.000 2 206.350 190.970
112.000 2 209.890 189.200
112.000 2 211.080 188.610
112.000 2 214.620 186.240
112.000 2 215.810 185.650
112.000 2 219.940 186.240
112.000 2 221.130 186.830
112.000 2 226.450 187.430
112.000 2 227.630 188.020
112.000 2 231.770 190.380
112.000 2 232.360 191.560
112.000 2 236.500 195.110
112.000 2 237.680 195.700
112.000 2 239.460 198.660
112.000 2 240.640 199.250
112.000 2 244.780 200.430
112.000 2 245.960 199.840
112.000 2 247.730 199.840
112.000 2 248.920 199.250
112.000 2 254.240 198.660
112.000 2 256.010 198.660
112.000 2 260.150 198.070
112.000 2 261.920 198.070
112.000 2 266.060 199.840
112.000 2 267.240 200.430
112.000 2 270.790 201.620
112.000 2 267.840 193.930
112.000 2 266.060 190.380
112.000 2 266.060 188.610
112.000 2 266.650 184.470
112.000 2 264.880 179.150
112.000 2 264.290 177.970
112.000 2 262.510 176.780
112.000 2 261.330 175.600
112.000 2 260.150 175.010
112.000 2 259.560 172.640
112.000 2 256.010 172.640
112.000 2 254.240 173.240
112.000 2 252.460 173.240
112.000 2 246.550 173.830
112.000 3 225.860 130.070
112.000 3 226.450 131.260
112.000 3 228.220 134.800
112.000 3 228.810 138.940
112.000 3 230.590 142.490
112.000 3 231.180 143.670
112.000 3 228.220 145.450
112.000 3 227.040 146.040
112.000 3 224.080 146.630
112.000 3 222.310 146.630
112.000 3 218.170 144.260
112.000 3 216.990 143.670
112.000 3 215.210 141.900
112.000 3 211.670 141.310
112.000 3 210.480 140.720
112.000 3 208.710 140.720
112.000 3 205.750 140.130
112.000 3 203.980 140.130
112.000 3 201.020 141.310
112.000 3 198.660 142.490
112.000 3 195.700 143.670
112.000 3 193.930 146.040
112.000 3 192.160 148.990
112.000 3 192.750 150.180
112.000 3 194.520 152.540
112.000 3 195.700 154.320
112.000 3 197.480 158.450
112.000 3 199.840 161.410
112.000 3 202.210 163.180
112.000 3 203.390 163.780
112.000 3 205.160 163.780
112.000 3 206.350 164.370
112.000 3 207.530 164.960
112.000 3 209.300 164.960
112.000 3 210.480 165.550
112.000 3 211.670 164.960
112.000 3 214.620 165.550
112.000 3 215.810 164.960
112.000 3 221.130 163.780
112.000 3 222.310 163.180
112.000 3 222.900 162.000
112.000 3 225.270 161.410
112.000 3 226.450 160.820
112.000 3 228.220 159.050
112.000 3 228.810 157.860
112.000 3 228.220 156.090
112.000 3 227.630 154.910
112.000 3 227.630 151.360
112.000 3 228.810 150.770
112.000 3 230.000 150.180
112.000 3 231.180 149.590
112.000 3 232.360 150.180
112.000 3 233.540 151.360
112.000 3 240.640 152.540
112.000 3 245.370 153.720
112.000 3 247.140 153.720
112.000 3 248.320 152.540
112.000 3 250.100 152.540
112.000 3 251.280 151.950
112.000 3 254.830 147.220
112.000 3 256.010 146.630
112.000 3 260.150 141.900
112.000 3 260.150 140.130
112.000 3 261.330 136.580
112.000 3 261.330 134.800
112.000 3 258.380 130.670
112.000 3 250.690 125.940
112.000 3 246.550 122.390
112.000 3 239.460 120.610
112.000 3 234.730 120.610
112.000 3 233.540 121.210
112.000 3 230.000 122.390
112.000 3 228.810 122.980
112.000 3 224.080 125.940
112.000 3 224.080 130.070
120.000 1 254.240 153.720
120.000 1 253.050 156.090
120.000 1 251.870 157.270
120.000 1 245.370 159.050
120.000 1 244.190 160.230
120.000 1 243.590 162.000
120.000 1 243.590 164.960
120.000 1 248.320 170.280
120.000 1 251.870 170.280
120.000 1 254.830 168.510
120.000 1 256.010 167.910
120.000 1 257.190 167.320
120.000 1 262.510 166.140
120.000 1 264.290 165.550
120.000 1 266.650 164.370
120.000 1 270.790 165.550
120.000 1 271.970 166.140
120.000 1 273.160 167.320
120.000 1 273.750 170.870
120.000 1 273.160 172.050
120.000 1 270.200 183.290
120.000 1 271.380 185.060
120.000 1 271.970 186.240
120.000 1 272.570 191.560
120.000 1 271.380 192.160
120.000 1 264.880 195.110
120.000 1 263.700 194.520
120.000 1 262.510 193.930
120.000 1 256.010 193.930
120.000 1 254.240 193.340
120.000 1 245.960 188.020
120.000 1 235.320 186.240
120.000 1 230.590 186.240
120.000 1 229.400 185.650
120.000 1 226.450 185.650
120.000 1 225.270 186.240
120.000 1 224.080 186.830
120.000 1 223.490 188.020
120.000 1 220.540 190.380
120.000 1 219.350 190.970
120.000 1 217.580 191.560
120.000 1 216.400 192.160
120.000 1 214.620 192.750
120.000 1 210.480 193.340
120.000 1 209.300 193.930
120.000 1 205.750 193.930
120.000 1 199.250 195.700
120.000 1 197.480 196.290
120.000 1 192.750 201.020
120.000 1 190.380 203.980
120.000 1 189.790 205.160
120.000 1 189.200 206.350
120.000 1 187.430 209.890
120.000 1 186.830 211.080
120.000 1 186.240 212.260
120.000 1 185.060 212.850
120.000 1 179.740 212.850
120.000 1 177.370 206.940
120.000 1 176.190 205.160
120.000 1 176.190 203.390
120.000 1 173.830 199.840
120.000 1 167.910 196.290
120.000 1 166.730 195.110
120.000 1 166.140 191.560
120.000 1 170.280 189.790
120.000 1 172.050 188.610
120.000 1 173.240 188.020
120.000 1 174.420 187.430
120.000 1 176.780 188.610
120.000 1 177.970 189.200
120.000 1 180.330 189.200
120.000 1 182.100 189.790
120.000 1 183.880 188.610
120.000 1 183.880 185.060
120.000 1 186.240 182.700
120.000 1 186.830 180.920
120.000 1 194.520 176.780
120.000 1 193.340 174.420
120.000 1 189.200 176.780
120.000 1 188.020 177.370
120.000 1 186.240 178.560
120.000 1 185.060 179.150
120.000 1 183.290 179.150
120.000 1 180.330 179.740
120.000 1 179.150 180.330
120.000 1 175.600 180.330
120.000 1 174.420 179.740
120.000 1 173.240 176.780
120.000 1 173.240 172.050
120.000 1 177.370 164.960
120.000 1 178.560 164.370
120.000 1 180.330 163.780
120.000 1 180.920 162.590
120.000 1 182.100 162.000
120.000 1 184.470 161.410
120.000 1 185.060 160.230
120.000 1 186.830 160.230
120.000 1 188.610 159.050
120.000 1 188.020 154.910
120.000 1 188.020 151.950
120.000 1 189.790 145.450
120.000 1 190.970 144.860
120.000 1 191.560 143.670
120.000 1 192.750 142.490
120.000 1 196.890 140.720
120.000 1 198.070 140.130
120.000 1 205.160 139.530
120.000 1 206.940 139.530
120.000 1 208.120 138.940
120.000 1 215.810 138.940
120.000 1 216.990 140.720
120.000 1 218.170 143.080
120.000 1 218.170 144.860
120.000 1 219.350 148.990
120.000 1 219.940 150.180
120.000 1 221.130 151.950
120.000 1 222.900 151.950
120.000 1 221.720 146.040
120.000 1 221.130 144.860
120.000 1 221.130 138.940
120.000 1 221.720 135.400
120.000 1 222.310 134.210
120.000 1 222.310 132.440
120.000 1 222.900 131.260
120.000 1 223.490 127.710
120.000 1 227.040 124.750
120.000 1 228.220 123.570
120.000 1 228.810 122.390
120.000 1 233.540 122.390
120.000 1 241.820 126.530
120.000 1 245.370 126.530
120.000 1 250.690 128.890
120.000 1 252.460 129.480
120.000 1 253.050 130.670
120.000 1 255.420 137.760
120.000 1 256.010 138.940
120.000 1 256.010 149.590
120.000 1 254.830 151.950
120.000 2 225.860 133.620
120.000 2 223.490 138.940
120.000 2 224.080 141.310
120.000 2 224.670 142.490
120.000 2 225.270 143.670
120.000 2 225.270 150.180
120.000 2 225.860 151.360
120.000 2 227.630 155.500
120.000 2 228.810 156.090
120.000 2 230.590 156.680
120.000 2 231.770 157.270
120.000 2 234.730 157.860
120.000 2 240.640 157.860
120.000 2 241.230 156.680
120.000 2 244.190 154.910
120.000 2 245.370 154.320
120.000 2 248.320 151.950
120.000 2 249.510 150.770
120.000 2 250.100 149.590
120.000 2 251.280 145.450
120.000 2 251.280 143.670
120.000 2 251.870 138.940
120.000 2 251.280 137.760
120.000 2 249.510 133.620
120.000 2 245.370 130.070
120.000 2 242.410 127.710
120.000 2 234.730 127.710
120.000 2 231.770 127.120
120.000 2 230.590 127.710
120.000 2 226.450 128.890
120.000 2 225.270 132.440
120.000 3 216.400 147.810
120.000 3 214.030 144.260
120.000 3 208.120 141.900
120.000 3 206.350 141.900
120.000 3 204.570 141.310
120.000 3 202.800 141.310
120.000 3 199.840 142.490
120.000 3 198.660 143.080
120.000 3 196.290 144.260
120.000 3 195.700 145.450
120.000 3 194.520 146.040
120.000 3 193.340 147.220
120.000 3 192.750 148.400
120.000 3 191.560 151.360
120.000 3 191.560 153.130
120.000 3 190.380 157.270
120.000 3 192.160 162.000
120.000 3 189.790 165.550
120.000 3 186.830 164.370
120.000 3 182.100 166.730
120.000 3 180.920 167.320
120.000 3 177.970 168.510
120.000 3 176.780 169.690
120.000 3 176.190 170.870
120.000 3 175.010 172.640
120.000 3 176.190 173.830
120.000 3 177.970 175.010
120.000 3 180.920 176.190
120.000 3 182.700 176.190
120.000 3 183.880 175.600
120.000 3 185.650 175.600
120.000 3 186.830 175.010
120.000 3 188.020 174.420
120.000 3 192.160 172.050
120.000 3 193.930 170.870
120.000 3 195.110 170.280
120.000 3 195.110 166.140
120.000 3 199.250 164.960
120.000 3 204.570 164.960
120.000 3 205.750 165.550
120.000 3 211.080 166.730
120.000 3 215.810 166.730
120.000 3 219.940 162.000
120.000 3 219.350 156.680
120.000 3 218.760 155.500
120.000 3 216.990 152.540
120.000 3 216.400 148.400
120.000 4 215.810 169.100
120.000 4 208.710 171.460
120.000 4 206.940 172.050
120.000 4 204.570 174.420
120.000 4 202.800 175.010
120.000 4 201.620 176.190
120.000 4 200.430 176.780
120.000 4 198.660 178.560
120.000 4 196.890 179.150
120.000 4 192.750 182.100
120.000 4 191.560 182.700
120.000 4 189.790 185.060
120.000 4 188.610 185.650
120.000 4 187.430 186.830
120.000 4 184.470 189.200
120.000 4 183.290 191.560
120.000 4 179.740 193.930
120.000 4 178.560 193.340
120.000 4 177.370 193.930
120.000 4 175.600 193.930
120.000 4 176.190 198.070
120.000 4 176.780 199.250
120.000 4 178.560 202.210
120.000 4 179.150 203.390
120.000 4 179.740 207.530
120.000 4 182.100 208.710
120.000 4 182.700 207.530
120.000 4 183.880 205.160
120.000 4 185.060 204.570
120.000 4 185.650 203.390
120.000 4 186.830 201.620
120.000 4 188.020 201.020
120.000 4 190.380 198.660
120.000 4 191.560 198.070
120.000 4 192.750 197.480
120.000 4 193.930 196.290
120.000 4 198.070 193.340
120.000 4 199.840 193.340
120.000 4 201.020 192.750
120.000 4 205.750 191.560
120.000 4 207.530 191.560
120.000 4 208.710 190.970
120.000 4 213.440 189.200
120.000 4 215.210 188.610
120.000 4 217.580 186.830
120.000 4 218.760 185.650
120.000 4 219.350 184.470
120.000 4 220.540 183.880
120.000 4 221.720 182.700
120.000 4 227.040 180.920
120.000 4 230.590 180.330
120.000 4 231.770 180.920
120.000 4 240.640 182.700
120.000 4 241.820 183.290
120.000 4 245.960 185.650
120.000 4 247.140 186.240
120.000 4 256.010 189.200
120.000 4 257.190 190.380
120.000 4 261.920 192.750
120.000 4 265.470 192.160
120.000 4 266.650 191.560
120.000 4 267.840 190.380
120.000 4 267.240 186.240
120.000 4 266.650 179.740
120.000 4 269.020 173.830
120.000 4 269.020 170.280
120.000 4 259.560 170.280
120.000 4 257.780 170.870
120.000 4 253.650 172.640
120.000 4 252.460 173.240
120.000 4 251.870 174.420
120.000 4 250.100 175.010
120.000 4 247.730 176.780
120.000 4 245.960 176.780
120.000 4 244.780 175.600
120.000 4 243.590 175.010
120.000 4 238.270 172.640
120.000 4 237.090 172.050
120.000 4 232.360 170.870
120.000 4 231.180 170.280
120.000 4 224.080 170.280
120.000 4 218.170 168.510
