3.787 1 0.400 0.576
3.787 1 0.431 0.543
3.787 1 0.512 0.526
3.787 1 0.595 0.524
3.787 1 0.661 0.526
3.787 1 0.739 0.536
3.787 1 0.782 0.562
3.787 1 0.789 0.604
3.787 1 0.758 0.678
3.787 1 0.716 0.730
3.787 1 0.623 0.761
3.787 1 0.524 0.775
3.787 1 0.427 0.761
3.787 1 0.377 0.697
3.787 1 0.374 0.630
3.675 1 0.841 0.448
3.675 1 0.867 0.502
3.675 1 0.877 0.618
3.675 1 0.855 0.704
3.675 1 0.787 0.782
3.675 1 0.673 0.827
3.675 1 0.517 0.841
3.675 1 0.329 0.825
3.675 1 0.147 0.813
3.675 1 0.064 0.770
3.675 1 -0.045 0.709
3.675 1 -0.083 0.597
3.675 1 -0.017 0.460
3.675 1 0.085 0.374
3.675 1 0.220 0.313
3.675 1 0.424 0.296
3.675 1 0.543 0.318
3.675 1 0.652 0.346
3.675 1 0.758 0.384
3.564 1 0.036 0.827
3.564 1 -0.126 0.775
3.564 1 -0.268 0.690
3.564 1 -0.351 0.595
3.564 1 -0.389 0.491
3.564 1 -0.348 0.370
3.564 1 -0.254 0.270
3.564 1 -0.069 0.199
3.564 1 0.194 0.168
3.564 1 0.400 0.173
3.564 1 0.585 0.204
3.564 1 0.718 0.277
3.564 1 0.815 0.339
3.564 1 0.872 0.374
3.564 1 0.922 0.436
3.564 1 0.945 0.528
3.564 1 0.945 0.623
3.564 1 0.934 0.706
3.564 1 0.891 0.794
3.564 1 0.787 0.863
3.564 1 0.680 0.877
3.564 1 0.509 0.874
3.564 1 0.341 0.855
3.564 1 0.211 0.863
3.453 1 -0.727 0.346
3.453 1 -0.661 0.225
3.453 1 -0.571 0.133
3.453 1 -0.429 0.038
3.453 1 -0.273 0.002
3.453 1 -0.081 -0.009
3.453 1 0.092 -0.009
3.453 1 0.322 0.019
3.453 1 0.533 0.090
3.453 1 0.675 0.121
3.453 1 0.806 0.180
3.453 1 0.903 0.287
3.453 1 0.960 0.422
3.453 1 0.981 0.509
3.453 1 0.983 0.597
3.453 1 0.964 0.692
3.453 1 0.905 0.777
3.453 1 0.813 0.841
3.453 1 0.704 0.884
3.453 1 0.555 0.893
3.453 1 0.296 0.882
3.453 1 0.071 0.863
3.453 1 -0.145 0.820
3.453 1 -0.384 0.751
3.453 1 -0.604 0.671
3.453 1 -0.694 0.590
3.453 1 -0.744 0.519
3.453 1 -0.749 0.427
3.453 2 -0.699 -0.699
3.453 2 -0.611 -0.749
3.453 2 -0.457 -0.711
3.453 2 -0.372 -0.618
3.453 2 -0.391 -0.498
3.453 2 -0.479 -0.419
3.453 2 -0.614 -0.429
3.453 2 -0.706 -0.540
3.453 2 -0.746 -0.616
3.341 1 -0.872 0.450
3.341 1 -0.870 0.329
3.341 1 -0.836 0.192
3.341 1 -0.746 0.069
3.341 1 -0.659 -0.033
3.341 1 -0.583 -0.071
3.341 1 -0.467 -0.107
3.341 1 -0.344 -0.152
3.341 1 -0.209 -0.175
3.341 1 -0.040 -0.159
3.341 1 0.100 -0.147
3.341 1 0.270 -0.140
3.341 1 0.396 -0.137
3.341 1 0.495 -0.128
3.341 1 0.652 -0.085
3.341 1 0.782 -0.002
3.341 1 0.877 0.090
3.341 1 0.964 0.211
3.341 1 0.986 0.315
3.341 1 1.000 0.457
3.341 1 0.981 0.588
3.341 1 0.953 0.687
3.341 1 0.882 0.775
3.341 1 0.813 0.832
3.341 1 0.664 0.870
3.341 1 0.500 0.884
3.341 1 0.320 0.886
3.341 1 0.182 0.884
3.341 1 -0.014 0.853
3.341 1 -0.204 0.820
3.341 1 -0.370 0.773
3.341 1 -0.571 0.687
3.341 1 -0.699 0.623
3.341 1 -0.818 0.547
3.341 2 -0.507 -0.742
3.341 2 -0.438 -0.711
3.341 2 -0.348 -0.611
3.341 2 -0.351 -0.507
3.341 2 -0.400 -0.424
3.341 2 -0.488 -0.363
3.341 2 -0.607 -0.386
3.341 2 -0.661 -0.474
3.341 2 -0.737 -0.550
3.341 2 -0.720 -0.680
3.341 2 -0.668 -0.751
3.341 2 -0.573 -0.754
3.230 1 -0.810 0.514
3.230 1 -0.867 0.443
3.230 1 -0.910 0.325
3.230 1 -0.900 0.204
3.230 1 -0.844 0.095
3.230 1 -0.754 -0.028
3.230 1 -0.664 -0.135
3.230 1 -0.573 -0.190
3.230 1 -0.403 -0.204
3.230 1 -0.287 -0.216
3.230 1 -0.166 -0.223
3.230 1 -0.036 -0.242
3.230 1 0.078 -0.265
3.230 1 0.211 -0.280
3.230 1 0.315 -0.284
3.230 1 0.391 -0.287
3.230 1 0.502 -0.265
3.230 1 0.595 -0.223
3.230 1 0.666 -0.168
3.230 1 0.744 -0.104
3.230 1 0.801 -0.038
3.230 1 0.858 0.045
3.230 1 0.903 0.121
3.230 1 0.941 0.256
3.230 1 0.972 0.382
3.230 1 0.983 0.500
3.230 1 0.941 0.656
3.230 1 0.855 0.763
3.230 1 0.706 0.860
3.230 1 0.562 0.896
3.230 1 0.405 0.891
3.230 1 0.225 0.858
3.230 1 0.083 0.858
3.230 1 -0.073 0.846
3.230 1 -0.216 0.825
3.230 1 -0.379 0.787
3.230 1 -0.517 0.720
3.230 1 -0.659 0.647
3.230 1 -0.768 0.576
3.230 2 -0.419 -0.600
3.230 2 -0.367 -0.543
3.230 2 -0.355 -0.450
3.230 2 -0.382 -0.377
3.230 2 -0.443 -0.322
3.230 2 -0.538 -0.313
3.230 2 -0.630 -0.358
3.230 2 -0.678 -0.474
3.230 2 -0.666 -0.581
3.230 2 -0.595 -0.652
3.230 2 -0.507 -0.656
3.118 1 0.844 0.005
3.118 1 0.884 0.064
3.118 1 0.919 0.168
3.118 1 0.953 0.306
3.118 1 0.964 0.429
3.118 1 0.955 0.576
3.118 1 0.900 0.709
3.118 1 0.789 0.794
3.118 1 0.647 0.874
3.118 1 0.453 0.891
3.118 1 0.251 0.877
3.118 1 0.043 0.879
3.118 1 -0.121 0.877
3.118 1 -0.273 0.846
3.118 1 -0.408 0.789
3.118 1 -0.524 0.730
3.118 1 -0.656 0.652
3.118 1 -0.775 0.559
3.118 1 -0.863 0.476
3.118 1 -0.936 0.353
3.118 1 -0.955 0.192
3.118 1 -0.934 0.064
3.118 1 -0.919 -0.033
3.118 1 -0.851 -0.111
3.118 1 -0.777 -0.149
3.118 1 -0.699 -0.171
3.118 1 -0.626 -0.190
3.118 1 -0.566 -0.209
3.118 1 -0.597 -0.232
3.118 1 -0.666 -0.273
3.118 1 -0.713 -0.365
3.118 1 -0.742 -0.453
3.118 1 -0.751 -0.555
3.118 1 -0.737 -0.621
3.118 1 -0.701 -0.668
3.118 1 -0.642 -0.690
3.118 1 -0.538 -0.682
3.118 1 -0.424 -0.623
3.118 1 -0.341 -0.519
3.118 1 -0.318 -0.434
3.118 1 -0.303 -0.370
3.118 1 -0.270 -0.325
3.118 1 -0.211 -0.308
3.118 1 -0.130 -0.308
3.118 1 0.000 -0.341
3.118 1 0.128 -0.365
3.118 1 0.258 -0.363
3.118 1 0.370 -0.344
3.118 1 0.469 -0.318
3.118 1 0.573 -0.263
3.118 1 0.678 -0.182
3.118 1 0.782 -0.088
3.007 1 0.697 -0.211
3.007 1 0.794 -0.097
3.007 1 0.863 0.017
3.007 1 0.924 0.166
3.007 1 0.955 0.315
3.007 1 0.960 0.438
3.007 1 0.917 0.590
3.007 1 0.846 0.709
3.007 1 0.744 0.815
3.007 1 0.616 0.851
3.007 1 0.467 0.886
3.007 1 0.299 0.863
3.007 1 0.111 0.844
3.007 1 -0.031 0.846
3.007 1 -0.164 0.848
3.007 1 -0.273 0.836
3.007 1 -0.367 0.803
3.007 1 -0.438 0.763
3.007 1 -0.502 0.720
3.007 1 -0.602 0.659
3.007 1 -0.723 0.609
3.007 1 -0.794 0.547
3.007 1 -0.879 0.476
3.007 1 -0.936 0.353
3.007 1 -0.972 0.194
3.007 1 -0.976 0.114
3.007 1 -0.986 -0.002
3.007 1 -0.967 -0.073
3.007 1 -0.908 -0.166
3.007 1 -0.867 -0.258
3.007 1 -0.796 -0.334
3.007 1 -0.818 -0.374
3.007 1 -0.851 -0.431
3.007 1 -0.853 -0.576
3.007 1 -0.777 -0.664
3.007 1 -0.709 -0.692
3.007 1 -0.585 -0.682
3.007 1 -0.509 -0.680
3.007 1 -0.441 -0.642
3.007 1 -0.348 -0.562
3.007 1 -0.303 -0.476
3.007 1 -0.280 -0.391
3.007 1 -0.256 -0.320
3.007 1 -0.185 -0.382
3.007 1 -0.097 -0.436
3.007 1 -0.014 -0.450
3.007 1 0.109 -0.453
3.007 1 0.237 -0.445
3.007 1 0.365 -0.427
3.007 1 0.476 -0.415
3.007 1 0.590 -0.351
2.896 1 -0.969 -0.043
2.896 1 -0.945 -0.147
2.896 1 -0.915 -0.230
2.896 1 -0.867 -0.365
2.896 1 -0.829 -0.472
2.896 1 -0.777 -0.545
2.896 1 -0.690 -0.585
2.896 1 -0.652 -0.604
2.896 1 -0.571 -0.635
2.896 1 -0.467 -0.633
2.896 1 -0.382 -0.621
2.896 1 -0.332 -0.564
2.896 1 -0.341 -0.505
2.896 1 -0.301 -0.486
2.896 1 -0.190 -0.488
2.896 1 -0.116 -0.509
2.896 1 -0.021 -0.505
2.896 1 0.069 -0.495
2.896 1 0.216 -0.464
2.896 1 0.332 -0.438
2.896 1 0.419 -0.374
2.896 1 0.500 -0.329
2.896 1 0.595 -0.289
2.896 1 0.682 -0.211
2.896 1 0.754 -0.123
2.896 1 0.825 -0.014
2.896 1 0.882 0.085
2.896 1 0.924 0.199
2.896 1 0.929 0.370
2.896 1 0.905 0.495
2.896 1 0.855 0.618
2.896 1 0.799 0.699
2.896 1 0.725 0.763
2.896 1 0.621 0.822
2.896 1 0.479 0.867
2.896 1 0.344 0.884
2.896 1 0.187 0.877
2.896 1 -0.019 0.863
2.896 1 -0.180 0.853
2.896 1 -0.365 0.799
2.896 1 -0.476 0.746
2.896 1 -0.597 0.678
2.896 1 -0.709 0.602
2.896 1 -0.803 0.524
2.896 1 -0.867 0.464
2.896 1 -0.905 0.412
2.896 1 -0.955 0.306
2.896 1 -0.976 0.185
2.896 1 -0.981 0.078
2.784 1 0.429 0.841
2.784 1 0.320 0.834
2.784 1 0.299 0.853
2.784 1 0.190 0.853
2.784 1 0.078 0.870
2.784 1 -0.076 0.860
2.784 1 -0.178 0.839
2.784 1 -0.353 0.801
2.784 1 -0.464 0.725
2.784 1 -0.578 0.654
2.784 1 -0.680 0.588
2.784 1 -0.754 0.519
2.784 1 -0.834 0.441
2.784 1 -0.903 0.355
2.784 1 -0.962 0.230
2.784 1 -0.981 0.100
2.784 1 -0.969 0.043
2.784 1 -0.941 -0.100
2.784 1 -0.898 -0.220
2.784 1 -0.853 -0.360
2.784 1 -0.825 -0.448
2.784 1 -0.761 -0.517
2.784 1 -0.704 -0.573
2.784 1 -0.626 -0.630
2.784 1 -0.507 -0.654
2.784 1 -0.429 -0.637
2.784 1 -0.339 -0.571
2.784 1 -0.344 -0.519
2.784 1 -0.303 -0.488
2.784 1 -0.220 -0.479
2.784 1 -0.116 -0.509
2.784 1 0.050 -0.505
2.784 1 0.159 -0.467
2.784 1 0.251 -0.460
2.784 1 0.339 -0.431
2.784 1 0.434 -0.372
2.784 1 0.550 -0.299
2.784 1 0.671 -0.194
2.784 1 0.763 -0.090
2.784 1 0.851 0.036
2.784 1 0.886 0.152
2.784 1 0.903 0.254
2.784 1 0.889 0.348
2.784 1 0.863 0.441
2.784 1 0.827 0.543
2.784 1 0.787 0.618
2.784 1 0.746 0.699
2.784 1 0.668 0.758
2.784 1 0.562 0.815
2.673 1 0.464 0.682
2.673 1 0.363 0.725
2.673 1 0.199 0.758
2.673 1 0.076 0.782
2.673 1 -0.057 0.787
2.673 1 -0.175 0.768
2.673 1 -0.270 0.735
2.673 1 -0.370 0.720
2.673 1 -0.472 0.690
2.673 1 -0.614 0.604
2.673 1 -0.737 0.505
2.673 1 -0.834 0.403
2.673 1 -0.924 0.306
2.673 1 -0.988 0.185
2.673 1 -1.000 0.040
2.673 1 -0.976 -0.090
2.673 1 -0.941 -0.211
2.673 1 -0.917 -0.282
2.673 1 -0.867 -0.374
2.673 1 -0.782 -0.479
2.673 1 -0.692 -0.526
2.673 1 -0.583 -0.536
2.673 1 -0.438 -0.545
2.673 1 -0.313 -0.562
2.673 1 -0.194 -0.571
2.673 1 -0.076 -0.559
2.673 1 0.002 -0.498
2.673 1 0.055 -0.474
2.673 1 0.156 -0.467
2.673 1 0.277 -0.455
2.673 1 0.393 -0.389
2.673 1 0.498 -0.299
2.673 1 0.597 -0.194
2.673 1 0.694 -0.066
2.673 1 0.746 0.033
2.673 1 0.780 0.164
2.673 1 0.773 0.313
2.673 1 0.737 0.419
2.673 1 0.690 0.547
2.673 1 0.628 0.607
2.673 1 0.531 0.640
2.562 1 0.460 0.649
2.562 1 0.391 0.692
2.562 1 0.273 0.739
2.562 1 0.175 0.758
2.562 1 0.043 0.773
2.562 1 -0.043 0.765
2.562 1 -0.147 0.763
2.562 1 -0.254 0.730
2.562 1 -0.339 0.711
2.562 1 -0.443 0.673
2.562 1 -0.559 0.614
2.562 1 -0.668 0.552
2.562 1 -0.789 0.455
2.562 1 -0.889 0.344
2.562 1 -0.962 0.235
2.562 1 -0.988 0.118
2.562 1 -0.983 -0.021
2.562 1 -0.964 -0.149
2.562 1 -0.924 -0.263
2.562 1 -0.853 -0.360
2.562 1 -0.791 -0.419
2.562 1 -0.682 -0.491
2.562 1 -0.573 -0.526
2.562 1 -0.445 -0.547
2.562 1 -0.284 -0.562
2.562 1 -0.128 -0.562
2.562 1 -0.045 -0.512
2.562 1 0.069 -0.472
2.562 1 0.149 -0.460
2.562 1 0.251 -0.445
2.562 1 0.353 -0.398
2.562 1 0.436 -0.334
2.562 1 0.521 -0.246
2.562 1 0.614 -0.149
2.562 1 0.690 -0.043
2.562 1 0.751 0.100
2.562 1 0.770 0.227
2.562 1 0.749 0.334
2.562 1 0.709 0.450
2.562 1 0.637 0.547
2.562 1 0.559 0.595
2.562 1 0.509 0.616
2.450 1 -0.614 -0.464
2.450 1 -0.533 -0.517
2.450 1 -0.415 -0.538
2.450 1 -0.287 -0.552
2.450 1 -0.149 -0.552
2.450 1 -0.026 -0.505
2.450 1 0.069 -0.469
2.450 1 0.164 -0.448
2.450 1 0.273 -0.436
2.450 1 0.365 -0.382
2.450 1 0.457 -0.301
2.450 1 0.540 -0.218
2.450 1 0.597 -0.126
2.450 1 0.633 -0.017
2.450 1 0.652 0.083
2.450 1 0.654 0.182
2.450 1 0.649 0.275
2.450 1 0.618 0.370
2.450 1 0.562 0.469
2.450 1 0.488 0.552
2.450 1 0.389 0.607
2.450 1 0.277 0.664
2.450 1 0.197 0.704
2.450 1 0.102 0.739
2.450 1 0.021 0.744
2.450 1 -0.083 0.732
2.450 1 -0.194 0.701
2.450 1 -0.339 0.652
2.450 1 -0.460 0.616
2.450 1 -0.571 0.566
2.450 1 -0.661 0.512
2.450 1 -0.813 0.408
2.450 1 -0.896 0.294
2.450 1 -0.948 0.147
2.450 1 -0.948 0.002
2.450 1 -0.922 -0.128
2.450 1 -0.865 -0.242
2.450 1 -0.773 -0.336
2.450 1 -0.697 -0.405
2.339 1 0.355 0.559
2.339 1 0.235 0.649
2.339 1 0.135 0.694
2.339 1 -0.024 0.711
2.339 1 -0.171 0.713
2.339 1 -0.332 0.675
2.339 1 -0.464 0.602
2.339 1 -0.540 0.531
2.339 1 -0.614 0.481
2.339 1 -0.699 0.417
2.339 1 -0.794 0.339
2.339 1 -0.865 0.265
2.339 1 -0.924 0.154
2.339 1 -0.931 0.047
2.339 1 -0.917 -0.045
2.339 1 -0.891 -0.133
2.339 1 -0.853 -0.209
2.339 1 -0.775 -0.318
2.339 1 -0.635 -0.434
2.339 1 -0.491 -0.521
2.339 1 -0.322 -0.559
2.339 1 -0.180 -0.545
2.339 1 -0.064 -0.521
2.339 1 0.043 -0.464
2.339 1 0.128 -0.455
2.339 1 0.268 -0.417
2.339 1 0.358 -0.370
2.339 1 0.457 -0.280
2.339 1 0.533 -0.190
2.339 1 0.588 -0.088
2.339 1 0.630 0.069
2.339 1 0.614 0.192
2.339 1 0.588 0.280
2.339 1 0.528 0.367
2.339 1 0.457 0.455
2.339 2 0.102 -0.818
2.339 2 0.164 -0.810
2.339 2 0.235 -0.770
2.339 2 0.277 -0.725
2.339 2 0.284 -0.661
2.339 2 0.256 -0.578
2.339 2 0.185 -0.528
2.339 2 0.116 -0.526
2.339 2 0.055 -0.545
2.339 2 -0.009 -0.597
2.339 2 -0.033 -0.659
2.339 2 -0.038 -0.720
2.339 2 -0.014 -0.777
2.339 2 0.019 -0.791
2.227 1 0.464 -0.201
2.227 1 0.502 -0.135
2.227 1 0.538 -0.014
2.227 1 0.524 0.123
2.227 1 0.507 0.242
2.227 1 0.467 0.344
2.227 1 0.379 0.462
2.227 1 0.249 0.562
2.227 1 0.102 0.623
2.227 1 -0.038 0.668
2.227 1 -0.159 0.678
2.227 1 -0.289 0.647
2.227 1 -0.379 0.590
2.227 1 -0.488 0.481
2.227 1 -0.618 0.372
2.227 1 -0.732 0.263
2.227 1 -0.810 0.140
2.227 1 -0.832 0.000
2.227 1 -0.818 -0.161
2.227 1 -0.784 -0.258
2.227 1 -0.735 -0.327
2.227 1 -0.649 -0.405
2.227 1 -0.543 -0.483
2.227 1 -0.429 -0.521
2.227 1 -0.322 -0.528
2.227 1 -0.175 -0.512
2.227 1 -0.057 -0.472
2.227 1 0.076 -0.431
2.227 1 0.173 -0.424
2.227 1 0.308 -0.353
2.227 1 0.393 -0.282
2.227 2 0.045 -0.799
2.227 2 0.088 -0.799
2.227 2 0.159 -0.799
2.227 2 0.232 -0.758
2.227 2 0.273 -0.711
2.227 2 0.275 -0.647
2.227 2 0.239 -0.578
2.227 2 0.173 -0.536
2.227 2 0.100 -0.540
2.227 2 0.040 -0.576
2.227 2 -0.012 -0.626
2.227 2 -0.019 -0.678
2.227 2 -0.021 -0.739
2.227 2 0.014 -0.789
2.116 1 -0.600 0.329
2.116 1 -0.704 0.213
2.116 1 -0.758 0.114
2.116 1 -0.770 0.038
2.116 1 -0.782 -0.095
2.116 1 -0.784 -0.199
2.116 1 -0.780 -0.273
2.116 1 -0.697 -0.355
2.116 1 -0.564 -0.460
2.116 1 -0.448 -0.512
2.116 1 -0.303 -0.514
2.116 1 -0.111 -0.495
2.116 1 0.040 -0.422
2.116 1 0.185 -0.403
2.116 1 0.284 -0.379
2.116 1 0.353 -0.301
2.116 1 0.422 -0.206
2.116 1 0.460 -0.092
2.116 1 0.469 0.052
2.116 1 0.448 0.199
2.116 1 0.405 0.363
2.116 1 0.318 0.469
2.116 1 0.201 0.555
2.116 1 0.038 0.600
2.116 1 -0.145 0.597
2.116 1 -0.327 0.538
2.116 1 -0.464 0.448
2.116 2 0.111 -0.810
2.116 2 0.142 -0.791
2.116 2 0.216 -0.763
2.116 2 0.265 -0.713
2.116 2 0.270 -0.659
2.116 2 0.239 -0.592
2.116 2 0.154 -0.531
2.116 2 0.055 -0.559
2.116 2 0.005 -0.602
2.116 2 -0.024 -0.661
2.116 2 -0.031 -0.730
2.116 2 0.017 -0.789
2.005 1 -0.789 -0.320
2.005 1 -0.704 -0.389
2.005 1 -0.611 -0.417
2.005 1 -0.547 -0.384
2.005 1 -0.495 -0.322
2.005 1 -0.453 -0.277
2.005 1 -0.348 -0.209
2.005 1 -0.251 -0.145
2.005 1 -0.145 -0.145
2.005 1 0.002 -0.147
2.005 1 0.118 -0.100
2.005 1 0.201 -0.002
2.005 1 0.265 0.109
2.005 1 0.287 0.173
2.005 1 0.322 0.277
2.005 1 0.303 0.396
2.005 1 0.220 0.502
2.005 1 0.057 0.536
2.005 1 -0.081 0.507
2.005 1 -0.289 0.443
2.005 1 -0.443 0.358
2.005 1 -0.585 0.232
2.005 1 -0.680 0.109
2.005 1 -0.773 -0.050
2.005 1 -0.808 -0.197
2.005 2 -0.104 -0.436
2.005 2 0.017 -0.393
2.005 2 0.114 -0.370
2.005 2 0.216 -0.327
2.005 2 0.318 -0.289
2.005 2 0.370 -0.235
2.005 2 0.355 -0.159
2.005 2 0.339 -0.050
2.005 2 0.327 0.040
2.005 2 0.261 0.038
2.005 2 0.227 -0.071
2.005 2 0.145 -0.178
2.005 2 0.062 -0.218
2.005 2 -0.038 -0.273
2.005 2 -0.135 -0.308
2.005 2 -0.199 -0.389
2.005 2 -0.180 -0.445
2.005 3 0.014 -0.773
2.005 3 0.052 -0.799
2.005 3 0.128 -0.789
2.005 3 0.190 -0.768
2.005 3 0.237 -0.735
2.005 3 0.263 -0.661
2.005 3 0.249 -0.585
2.005 3 0.180 -0.531
2.005 3 0.109 -0.528
2.005 3 0.033 -0.547
2.005 3 -0.012 -0.604
2.005 3 -0.038 -0.666
2.005 3 -0.014 -0.737
1.949 1 -0.773 -0.051
1.949 1 -0.777 -0.164
1.949 1 -0.746 -0.195
1.949 1 -0.645 -0.211
1.949 1 -0.547 -0.188
1.949 1 -0.473 -0.121
1.949 1 -0.453 -0.070
1.949 1 -0.492 0.004
1.949 1 -0.547 0.078
1.949 1 -0.629 0.125
1.949 1 -0.699 0.070
1.949 1 -0.742 0.023
1.949 2 -0.582 0.168
1.949 2 -0.508 0.035
1.949 2 -0.445 -0.027
1.949 2 -0.387 -0.078
1.949 2 -0.297 -0.055
1.949 2 -0.203 0.008
1.949 2 -0.152 0.125
1.949 2 -0.156 0.234
1.949 2 -0.180 0.328
1.949 2 -0.246 0.398
1.949 2 -0.375 0.383
1.949 2 -0.484 0.312
1.949 2 -0.559 0.238
1.949 3 -0.250 -0.188
1.949 3 -0.199 -0.211
1.949 3 -0.117 -0.176
1.949 3 -0.008 -0.133
1.949 3 0.066 -0.086
1.949 3 0.121 -0.016
1.949 3 0.191 0.031
1.949 3 0.265 0.109
1.949 3 0.287 0.173
1.949 3 0.322 0.277
1.949 3 0.303 0.396
1.949 3 0.220 0.502
1.949 3 0.057 0.536
1.949 3 -0.081 0.507
1.949 3 -0.176 0.422
1.949 3 -0.145 0.293
1.949 3 -0.137 0.172
1.949 3 -0.160 0.062
1.949 3 -0.207 -0.020
1.949 3 -0.273 -0.078
1.949 3 -0.285 -0.148
1.949 4 -0.180 -0.246
1.949 4 -0.168 -0.301
1.949 4 -0.145 -0.379
1.949 4 -0.066 -0.414
1.949 4 0.051 -0.375
1.949 4 0.164 -0.332
1.949 4 0.262 -0.270
1.949 4 0.305 -0.176
1.949 4 0.312 -0.082
1.949 4 0.277 0.008
1.949 4 0.227 0.039
1.949 4 0.152 -0.016
1.949 4 0.098 -0.090
1.949 4 0.020 -0.148
1.949 4 -0.082 -0.184
1.949 4 -0.152 -0.207
1.949 5 -0.027 -0.730
1.949 5 0.035 -0.785
1.949 5 0.109 -0.785
1.949 5 0.172 -0.773
1.949 5 0.230 -0.734
1.949 5 0.250 -0.676
1.949 5 0.254 -0.637
1.949 5 0.230 -0.570
1.949 5 0.176 -0.520
1.949 5 0.078 -0.508
1.949 5 0.004 -0.543
1.949 5 -0.039 -0.594
1.949 5 -0.055 -0.656
1.893 1 -0.623 -0.187
1.893 1 -0.578 -0.178
1.893 1 -0.512 -0.147
1.893 1 -0.493 -0.095
1.893 1 -0.498 -0.033
1.893 1 -0.521 0.014
1.893 1 -0.557 0.038
1.893 1 -0.604 0.069
1.893 1 -0.664 0.073
1.893 1 -0.725 0.055
1.893 1 -0.756 -0.007
1.893 1 -0.758 -0.076
1.893 1 -0.742 -0.149
1.893 1 -0.682 -0.180
1.893 2 -0.382 -0.031
1.893 2 -0.318 -0.021
1.893 2 -0.249 0.000
1.893 2 -0.199 0.047
1.893 2 -0.185 0.152
1.893 2 -0.197 0.251
1.893 2 -0.254 0.301
1.893 2 -0.318 0.334
1.893 2 -0.403 0.327
1.893 2 -0.486 0.268
1.893 2 -0.538 0.187
1.893 2 -0.540 0.100
1.893 2 -0.505 0.026
1.893 2 -0.462 -0.012
1.893 3 -0.078 -0.199
1.893 3 -0.028 -0.182
1.893 3 0.019 -0.152
1.893 3 0.213 0.002
1.893 3 0.237 0.078
1.893 3 0.270 0.246
1.893 3 0.291 0.400
1.893 3 0.251 0.479
1.893 3 0.175 0.521
1.893 3 0.111 0.521
1.893 3 0.033 0.488
1.893 3 -0.040 0.427
1.893 3 -0.126 0.332
1.893 3 -0.121 0.239
1.893 3 -0.121 0.135
1.893 3 -0.161 0.028
1.893 3 -0.195 -0.031
1.893 3 -0.199 -0.102
1.893 3 -0.136 -0.181
1.893 4 0.023 -0.152
1.893 4 0.067 -0.196
1.893 4 0.102 -0.278
1.893 4 0.168 -0.348
1.893 4 0.258 -0.336
1.893 4 0.305 -0.235
1.893 4 0.336 -0.122
1.893 4 0.282 -0.039
1.893 4 0.215 -0.004
1.893 5 0.092 -0.787
1.893 5 0.166 -0.775
1.893 5 0.218 -0.739
1.893 5 0.251 -0.668
1.893 5 0.249 -0.600
1.893 5 0.211 -0.540
1.893 5 0.147 -0.491
1.893 5 0.055 -0.493
1.893 5 -0.024 -0.540
1.893 5 -0.064 -0.592
1.893 5 -0.076 -0.654
1.893 5 -0.040 -0.739
1.893 5 0.024 -0.780
1.782 1 -0.680 -0.168
1.782 1 -0.595 -0.161
1.782 1 -0.543 -0.149
1.782 1 -0.498 -0.116
1.782 1 -0.488 -0.050
1.782 1 -0.495 0.002
1.782 1 -0.536 0.069
1.782 1 -0.578 0.085
1.782 1 -0.642 0.104
1.782 1 -0.701 0.085
1.782 1 -0.746 0.052
1.782 1 -0.768 -0.007
1.782 1 -0.758 -0.090
1.782 1 -0.713 -0.137
1.782 2 -0.507 0.047
1.782 2 -0.476 0.000
1.782 2 -0.405 -0.033
1.782 2 -0.315 -0.040
1.782 2 -0.246 -0.007
1.782 2 -0.187 0.045
1.782 2 -0.149 0.095
1.782 2 -0.133 0.197
1.782 2 -0.156 0.265
1.782 2 -0.211 0.327
1.782 2 -0.277 0.374
1.782 2 -0.365 0.386
1.782 2 -0.481 0.341
1.782 2 -0.536 0.273
1.782 2 -0.555 0.166
1.782 2 -0.528 0.076
1.782 3 0.033 0.315
1.782 3 -0.073 0.235
1.782 3 -0.104 0.156
1.782 3 -0.129 0.051
1.782 3 -0.113 -0.023
1.782 3 0.005 -0.173
1.782 3 0.102 -0.246
1.782 3 0.187 -0.329
1.782 3 0.280 -0.434
1.782 3 0.353 -0.509
1.782 3 0.414 -0.523
1.782 3 0.465 -0.496
1.782 3 0.492 -0.445
1.782 3 0.484 -0.395
1.782 3 0.455 -0.336
1.782 3 0.365 -0.235
1.782 3 0.261 -0.102
1.782 3 0.213 -0.009
1.782 3 0.218 0.088
1.782 3 0.275 0.164
1.782 3 0.251 0.284
1.782 3 0.187 0.344
1.782 3 0.104 0.353
1.782 4 0.140 -0.761
1.782 4 0.216 -0.723
1.782 4 0.254 -0.649
1.782 4 0.235 -0.569
1.782 4 0.199 -0.502
1.782 4 0.123 -0.483
1.782 4 0.019 -0.493
1.782 4 -0.057 -0.552
1.782 4 -0.092 -0.640
1.782 4 -0.055 -0.716
1.782 4 0.005 -0.754
1.671 1 -0.562 -0.187
1.671 1 -0.512 -0.142
1.671 1 -0.500 -0.057
1.671 1 -0.517 0.024
1.671 1 -0.555 0.073
1.671 1 -0.611 0.116
1.671 1 -0.661 0.126
1.671 1 -0.723 0.100
1.671 1 -0.801 0.014
1.671 1 -0.829 -0.059
1.671 1 -0.841 -0.137
1.671 1 -0.818 -0.185
1.671 1 -0.754 -0.235
1.671 1 -0.659 -0.232
1.671 2 -0.353 -0.021
1.671 2 -0.244 -0.012
1.671 2 -0.173 0.026
1.671 2 -0.135 0.097
1.671 2 -0.128 0.180
1.671 2 -0.147 0.280
1.671 2 -0.216 0.353
1.671 2 -0.315 0.374
1.671 2 -0.417 0.353
1.671 2 -0.493 0.310
1.671 2 -0.543 0.235
1.671 2 -0.524 0.133
1.671 2 -0.495 0.055
1.671 2 -0.434 0.005
1.671 3 0.235 -0.374
1.671 3 0.303 -0.453
1.671 3 0.386 -0.512
1.671 3 0.453 -0.507
1.671 3 0.507 -0.445
1.671 3 0.498 -0.351
1.671 3 0.462 -0.268
1.671 3 0.377 -0.194
1.671 3 0.282 -0.095
1.671 3 0.190 0.012
1.671 3 0.121 0.064
1.671 3 0.017 0.024
1.671 3 -0.028 -0.085
1.671 3 0.000 -0.199
1.671 3 0.088 -0.277
1.671 3 0.171 -0.332
1.671 4 0.261 -0.543
1.671 4 0.239 -0.472
1.671 4 0.199 -0.438
1.671 4 0.128 -0.422
1.671 4 0.052 -0.424
1.671 4 -0.017 -0.464
1.671 4 -0.057 -0.545
1.671 4 -0.066 -0.633
1.671 4 -0.024 -0.687
1.671 4 0.017 -0.725
1.671 4 0.055 -0.737
1.671 4 0.128 -0.737
1.671 4 0.194 -0.716
1.671 4 0.239 -0.671
1.671 4 0.251 -0.578
1.559 1 -0.784 -0.166
1.559 1 -0.794 -0.249
1.559 1 -0.780 -0.308
1.559 1 -0.732 -0.327
1.559 1 -0.682 -0.308
1.559 1 -0.642 -0.251
1.559 1 -0.630 -0.194
1.559 1 -0.609 -0.142
1.559 1 -0.573 -0.135
1.559 1 -0.509 -0.107
1.559 1 -0.474 -0.043
1.559 1 -0.476 0.028
1.559 1 -0.495 0.088
1.559 1 -0.528 0.147
1.559 1 -0.585 0.156
1.559 1 -0.664 0.142
1.559 1 -0.723 0.092
1.559 1 -0.761 0.033
1.559 1 -0.775 -0.043
1.559 1 -0.773 -0.097
1.559 2 -0.386 -0.028
1.559 2 -0.303 -0.057
1.559 2 -0.232 -0.066
1.559 2 -0.152 -0.045
1.559 2 -0.088 -0.002
1.559 2 -0.050 0.073
1.559 2 -0.043 0.147
1.559 2 -0.069 0.227
1.559 2 -0.116 0.299
1.559 2 -0.199 0.355
1.559 2 -0.313 0.363
1.559 2 -0.415 0.315
1.559 2 -0.474 0.263
1.559 2 -0.507 0.182
1.559 2 -0.476 0.095
1.559 2 -0.450 0.024
1.559 3 0.178 -0.180
1.559 3 0.213 -0.227
1.559 3 0.249 -0.273
1.559 3 0.294 -0.327
1.559 3 0.398 -0.417
1.559 3 0.455 -0.386
1.559 3 0.448 -0.318
1.559 3 0.400 -0.256
1.559 3 0.306 -0.206
1.559 3 0.201 -0.140
1.559 4 0.282 -0.543
1.559 4 0.287 -0.495
1.559 4 0.268 -0.427
1.559 4 0.211 -0.363
1.559 4 0.152 -0.341
1.559 4 0.092 -0.339
1.559 4 0.026 -0.358
1.559 4 -0.040 -0.408
1.559 4 -0.078 -0.481
1.559 4 -0.085 -0.573
1.559 4 -0.055 -0.661
1.559 4 0.026 -0.699
1.559 4 0.140 -0.699
1.559 4 0.206 -0.661
1.559 4 0.244 -0.602
1.448 1 -0.874 -0.175
1.448 1 -0.877 -0.239
1.448 1 -0.844 -0.320
1.448 1 -0.780 -0.348
1.448 1 -0.709 -0.339
1.448 1 -0.642 -0.325
1.448 1 -0.607 -0.265
1.448 1 -0.623 -0.213
1.448 1 -0.645 -0.133
1.448 1 -0.602 -0.088
1.448 1 -0.545 -0.071
1.448 1 -0.479 -0.019
1.448 1 -0.460 0.057
1.448 1 -0.467 0.123
1.448 1 -0.500 0.168
1.448 1 -0.545 0.192
1.448 1 -0.616 0.187
1.448 1 -0.682 0.149
1.448 1 -0.749 0.083
1.448 1 -0.806 -0.009
1.448 1 -0.836 -0.095
1.448 2 -0.355 0.320
1.448 2 -0.419 0.275
1.448 2 -0.455 0.201
1.448 2 -0.443 0.111
1.448 2 -0.417 0.005
1.448 2 -0.358 -0.047
1.448 2 -0.282 -0.104
1.448 2 -0.218 -0.114
1.448 2 -0.180 -0.109
1.448 2 -0.114 -0.126
1.448 2 -0.066 -0.173
1.448 2 -0.038 -0.213
1.448 2 -0.036 -0.263
1.448 2 -0.052 -0.334
1.448 2 -0.081 -0.431
1.448 2 -0.076 -0.519
1.448 2 -0.036 -0.607
1.448 2 0.024 -0.645
1.448 2 0.095 -0.649
1.448 2 0.187 -0.618
1.448 2 0.237 -0.566
1.448 2 0.261 -0.486
1.448 2 0.235 -0.393
1.448 2 0.204 -0.334
1.448 2 0.168 -0.265
1.448 2 0.102 -0.197
1.448 2 0.045 -0.154
1.448 2 0.002 -0.090
1.448 2 0.000 -0.021
1.448 2 0.019 0.062
1.448 2 -0.019 0.156
1.448 2 -0.073 0.242
1.448 2 -0.159 0.308
1.448 2 -0.256 0.329
1.336 1 -0.822 -0.339
1.336 1 -0.770 -0.348
1.336 1 -0.694 -0.329
1.336 1 -0.649 -0.280
1.336 1 -0.645 -0.213
1.336 1 -0.645 -0.142
1.336 1 -0.623 -0.066
1.336 1 -0.557 -0.024
1.336 1 -0.507 0.017
1.336 1 -0.491 0.069
1.336 1 -0.502 0.114
1.336 1 -0.493 0.161
1.336 1 -0.509 0.201
1.336 1 -0.547 0.220
1.336 1 -0.607 0.237
1.336 1 -0.687 0.211
1.336 1 -0.727 0.149
1.336 1 -0.735 0.083
1.336 1 -0.773 0.028
1.336 1 -0.829 -0.040
1.336 1 -0.900 -0.128
1.336 1 -0.924 -0.216
1.336 1 -0.891 -0.306
1.336 2 -0.209 0.284
1.336 2 -0.291 0.301
1.336 2 -0.360 0.291
1.336 2 -0.436 0.249
1.336 2 -0.462 0.175
1.336 2 -0.469 0.109
1.336 2 -0.445 0.036
1.336 2 -0.389 -0.040
1.336 2 -0.327 -0.066
1.336 2 -0.256 -0.123
1.336 2 -0.199 -0.185
1.336 2 -0.147 -0.277
1.336 2 -0.121 -0.348
1.336 2 -0.123 -0.410
1.336 2 -0.085 -0.488
1.336 2 -0.005 -0.578
1.336 2 0.078 -0.585
1.336 2 0.166 -0.569
1.336 2 0.216 -0.528
1.336 2 0.242 -0.467
1.336 2 0.251 -0.365
1.336 2 0.230 -0.291
1.336 2 0.197 -0.201
1.336 2 0.140 -0.073
1.336 2 0.064 0.033
1.336 2 0.005 0.130
1.336 2 -0.076 0.225
1.336 2 -0.161 0.268
1.225 1 -0.692 0.024
1.225 1 -0.666 0.002
1.225 1 -0.590 0.007
1.225 1 -0.559 0.057
1.225 1 -0.498 0.078
1.225 1 -0.455 0.133
1.225 1 -0.422 0.171
1.225 1 -0.372 0.190
1.225 1 -0.315 0.251
1.225 1 -0.315 0.313
1.225 1 -0.346 0.344
1.225 1 -0.427 0.308
1.225 1 -0.495 0.256
1.225 1 -0.547 0.258
1.225 1 -0.628 0.235
1.225 1 -0.687 0.175
1.225 1 -0.699 0.102
1.225 2 -0.275 0.201
1.225 2 -0.320 0.156
1.225 2 -0.339 0.111
1.225 2 -0.327 0.036
1.225 2 -0.280 -0.024
1.225 2 -0.223 -0.085
1.225 2 -0.175 -0.149
1.225 2 -0.135 -0.227
1.225 2 -0.104 -0.310
1.225 2 -0.064 -0.365
1.225 2 -0.028 -0.422
1.225 2 0.000 -0.488
1.225 2 0.050 -0.517
1.225 2 0.126 -0.514
1.225 2 0.178 -0.469
1.225 2 0.209 -0.417
1.225 2 0.209 -0.339
1.225 2 0.194 -0.270
1.225 2 0.168 -0.239
1.225 2 0.152 -0.182
1.225 2 0.121 -0.116
1.225 2 0.076 -0.052
1.225 2 0.038 0.014
1.225 2 -0.007 0.083
1.225 2 -0.057 0.152
1.225 2 -0.116 0.209
1.225 2 -0.182 0.230
1.225 2 -0.230 0.218
1.114 1 -0.488 0.195
1.114 1 -0.578 0.176
1.114 1 -0.629 0.105
1.114 1 -0.602 0.027
1.114 1 -0.508 0.066
1.114 1 -0.391 0.133
1.114 1 -0.328 0.234
1.114 1 -0.371 0.289
1.114 1 -0.438 0.281
1.114 1 -0.473 0.250
1.114 2 -0.161 0.038
1.114 2 -0.121 0.055
1.114 2 -0.109 0.092
1.114 2 -0.118 0.142
1.114 2 -0.156 0.164
1.114 2 -0.213 0.166
1.114 2 -0.258 0.149
1.114 2 -0.287 0.116
1.114 2 -0.282 0.050
1.114 2 -0.251 0.019
1.114 3 -0.055 -0.085
1.114 3 -0.028 -0.073
1.114 3 0.002 -0.038
1.114 3 0.007 0.026
1.114 3 -0.055 0.050
1.114 3 -0.104 0.036
1.114 3 -0.137 -0.012
1.114 3 -0.133 -0.062
1.114 3 -0.109 -0.081
1.114 4 0.036 -0.310
1.114 4 0.073 -0.306
1.114 4 0.104 -0.251
1.114 4 0.095 -0.201
1.114 4 0.069 -0.173
1.114 4 0.019 -0.147
1.114 4 -0.031 -0.173
1.114 4 -0.045 -0.220
1.114 4 -0.047 -0.268
1.114 4 -0.017 -0.299
1.002 1 -0.261 0.057
1.002 1 -0.213 0.052
1.002 1 -0.168 0.066
1.002 1 -0.152 0.118
1.002 1 -0.182 0.180
1.002 1 -0.265 0.220
1.002 1 -0.336 0.201
1.002 1 -0.396 0.168
1.002 1 -0.358 0.090
1.002 1 -0.310 0.076
1.002 2 -0.043 -0.057
1.002 2 0.000 -0.038
1.002 2 -0.002 0.017
1.002 2 -0.026 0.045
1.002 2 -0.055 0.062
1.002 2 -0.095 0.052
1.002 2 -0.118 0.021
1.002 2 -0.114 -0.021
1.002 2 -0.092 -0.043
1.002 3 0.062 -0.313
1.002 3 0.109 -0.294
1.002 3 0.142 -0.265
1.002 3 0.137 -0.223
1.002 3 0.121 -0.182
1.002 3 0.085 -0.154
1.002 3 0.038 -0.137
1.002 3 -0.017 -0.159
1.002 3 -0.050 -0.204
1.002 3 -0.043 -0.263
1.002 3 -0.012 -0.294
0.891 1 -0.057 -0.014
0.891 1 0.002 -0.002
0.891 1 0.045 0.033
0.891 1 0.033 0.081
0.891 1 -0.021 0.102
0.891 1 -0.085 0.083
0.891 1 -0.092 0.009
0.891 2 0.073 -0.256
0.891 2 0.135 -0.216
0.891 2 0.147 -0.166
0.891 2 0.104 -0.109
0.891 2 0.014 -0.116
0.891 2 -0.012 -0.182
0.891 2 0.021 -0.244
0.780 1 0.031 0.026
0.780 1 0.055 0.057
0.780 1 0.045 0.107
0.780 1 -0.002 0.118
0.780 1 -0.066 0.097
0.780 1 -0.083 0.062
0.780 1 -0.021 0.019
0.780 2 0.142 -0.166
0.780 2 0.147 -0.097
0.780 2 0.104 -0.052
0.780 2 0.043 -0.066
0.780 2 0.009 -0.116
0.780 2 0.036 -0.187
0.780 2 0.090 -0.204
0.668 1 0.052 0.081
0.668 1 0.069 0.123
0.668 1 0.040 0.156
0.668 1 -0.007 0.164
0.668 1 -0.036 0.126
0.668 1 -0.047 0.066
0.668 1 -0.002 0.055
