231	44
230	45
229	45
228	45
227	45
226	45
225	46
224	46
223	46
222	47
221	47
220	47
219	48
218	48
217	48
216	49
215	49
214	49
213	50
212	51
211	51
210	52
209	52
208	53
207	53
206	54
205	55
204	56
203	56
202	57
201	58
200	59
199	60
198	61
197	62
197	63
196	64
195	65
195	66
194	67
194	68
193	69
193	70
192	71
192	72
192	73
191	74
191	75
191	76
191	77
191	78
191	79
190	80
191	81
191	82
191	83
191	84
191	85
191	86
192	87
192	88
192	89
193	90
193	91
194	92
194	93
194	94
195	95
195	96
196	97
196	98
197	99
197	100
198	101
199	102
199	103
200	104
200	105
201	106
202	107
202	108
203	109
204	110
204	111
205	112
206	113
207	114
208	115
209	116
210	117
211	117
212	118
213	119
214	119
215	120
216	121
217	122
218	122
219	123
220	124
221	124
222	124
223	124
224	124
225	124
226	124
227	124
228	124
229	124
230	124
231	124
232	125
233	125
234	126
235	127
236	128
237	129
238	128
239	128
240	127
241	127
242	126
243	126
244	126
245	126
246	126
247	126
248	126
249	126
250	126
251	127
252	128
253	129
254	130
254	131
255	132
256	133
257	134
258	134
259	135
260	136
261	137
262	137
263	138
264	139
265	140
266	141
266	142
266	143
267	144
268	145
268	146
269	147
270	148
270	149
271	150
271	151
271	152
271	153
272	153
273	154
274	155
275	156
276	157
277	158
278	159
279	160
280	160
281	161
282	161
283	161
284	162
285	162
286	162
287	162
288	162
289	162
290	161
291	161
292	161
293	161
294	161
295	161
296	161
297	161
298	161
299	161
300	160
301	160
302	159
303	159
304	158
305	158
306	157
307	157
308	156
309	156
310	156
311	156
312	156
313	156
314	156
315	156
316	157
316	158
316	159
316	160
316	161
316	162
316	163
316	164
316	165
316	166
316	167
316	168
315	169
315	170
314	171
313	172
312	173
311	174
310	174
309	175
308	176
307	177
306	178
305	179
304	180
303	181
302	182
301	183
300	184
299	185
298	186
297	186
296	187
295	188
295	189
294	190
293	191
292	191
291	192
290	192
289	192
288	193
287	193
286	193
285	193
284	194
283	194
282	194
281	194
280	194
279	194
278	194
277	194
276	194
275	194
274	194
273	194
272	194
271	194
270	194
269	194
268	194
267	195
266	195
265	196
264	196
263	196
262	196
261	197
260	198
259	198
258	199
257	200
256	201
255	202
254	203
253	204
252	205
251	206
251	207
250	208
249	209
249	210
248	211
248	212
247	213
247	214
246	215
246	216
245	217
244	218
244	219
243	220
242	221
241	222
241	223
240	224
239	225
239	226
238	227
238	228
237	229
236	230
236	231
235	232
235	233
234	234
234	235
233	236
233	237
232	238
232	239
231	240
231	241
231	242
230	243
230	244
230	245
231	246
231	247
232	248
232	249
233	250
233	251
234	252
234	253
235	254
235	255
235	256
236	257
236	258
237	259
237	260
238	261
238	262
239	263
239	264
240	265
240	266
240	267
241	268
241	269
242	270
242	271
242	272
243	273
243	274
243	275
244	276
245	277
245	278
245	279
246	279
247	280
248	280
249	281
249	282
250	283
251	284
252	285
253	286
254	287
255	288
256	288
257	289
258	290
259	290
260	291
261	291
262	291
263	292
264	292
265	293
266	293
267	294
268	294
269	294
270	295
271	296
272	296
273	297
274	297
275	298
276	299
277	299
278	300
279	301
280	301
281	302
282	302
283	303
284	304
285	304
286	305
287	305
288	306
289	306
290	307
291	308
292	309
292	310
293	311
294	312
294	313
295	314
295	315
295	316
295	317
295	318
295	319
295	320
295	321
295	322
295	323
295	324
295	325
294	326
293	326
292	326
291	326
290	326
289	326
288	326
287	326
286	325
285	325
284	324
283	323
282	323
281	322
280	322
279	321
278	321
277	320
276	320
275	319
274	318
273	318
272	317
271	316
270	316
269	315
268	314
267	314
266	313
265	313
264	312
263	312
262	311
261	311
260	310
259	310
258	310
257	310
256	310
255	310
255	311
254	312
253	313
252	314
251	315
250	316
249	317
248	318
247	319
246	320
246	321
245	322
244	323
243	324
242	325
242	326
241	327
241	328
241	329
240	330
240	331
239	332
240	333
240	334
240	335
240	336
240	337
240	338
240	339
240	340
240	341
239	342
239	343
238	344
237	345
237	346
236	347
235	348
235	349
235	350
234	351
234	352
233	353
232	354
231	355
230	356
230	357
229	358
229	359
228	360
228	361
228	362
227	363
226	364
225	364
224	365
223	365
222	365
221	366
220	366
219	366
218	367
217	367
216	368
215	368
214	369
213	370
212	370
211	371
210	371
209	372
209	373
208	374
208	375
207	376
207	377
207	378
207	379
207	380
207	381
207	382
207	383
207	384
207	385
207	386
207	387
207	388
207	389
207	390
207	391
207	392
207	393
207	394
207	395
207	396
206	397
206	398
206	399
205	400
205	401
205	402
204	403
204	404
204	405
203	406
203	407
203	408
202	409
202	410
202	411
202	412
202	413
201	414
201	415
201	416
201	417
201	418
202	419
202	420
202	421
202	422
202	423
203	424
203	425
203	426
204	427
204	428
205	429
205	430
206	431
207	432
207	433
208	434
209	435
210	436
211	437
212	438
213	439
214	440
215	441
216	441
217	442
218	443
219	443
220	444
221	444
222	445
223	445
224	445
225	446
226	446
227	446
228	447
229	447
230	447
231	447
232	447
233	447
234	447
235	447
236	447
237	447
238	447
239	446
240	446
241	446
242	445
243	445
244	444
245	443
246	443
247	443
248	443
249	442
250	441
251	440
252	440
253	440
254	440
255	440
256	440
257	440
258	440
259	440
260	440
261	440
262	440
263	439
263	438
263	437
263	436
263	435
264	434
265	433
266	433
267	433
268	433
269	433
270	433
271	433
272	433
273	433
274	432
275	432
276	431
277	430
278	430
279	429
280	429
281	428
282	427
283	427
284	426
285	426
286	425
287	424
288	424
289	423
290	423
291	422
292	422
293	421
294	420
295	420
296	419
297	419
298	418
299	418
300	417
301	417
302	416
303	415
304	415
305	414
306	413
307	413
308	413
309	412
310	411
310	410
311	409
312	408
313	407
314	407
314	406
315	405
316	404
317	404
317	403
318	402
319	402
320	401
320	400
321	399
322	399
323	398
323	397
323	396
323	395
323	394
323	393
323	392
323	391
324	390
325	389
325	388
326	387
326	386
326	385
327	384
327	383
327	382
327	381
328	380
328	379
329	378
330	378
331	377
332	376
333	375
333	374
333	373
334	372
334	371
334	370
334	369
334	368
334	367
334	366
334	365
334	364
334	363
334	362
335	361
335	360
335	359
335	358
335	357
335	356
335	355
335	354
335	353
335	352
335	351
335	350
335	349
335	348
335	347
335	346
335	345
335	344
335	343
335	342
335	341
335	340
335	339
335	338
335	337
335	336
335	335
335	334
335	333
334	332
334	331
334	330
334	329
334	328
334	327
334	326
334	325
335	324
335	323
335	322
335	321
335	320
335	319
335	318
335	317
335	316
335	315
335	314
335	313
335	312
335	311
335	310
335	309
335	308
335	307
335	306
336	305
336	304
336	303
336	302
336	301
336	300
336	299
336	298
336	297
336	296
336	295
336	294
337	293
337	292
337	291
337	290
338	289
338	288
338	287
338	286
338	285
339	284
339	283
339	282
340	281
340	280
340	279
341	278
341	277
341	276
341	275
342	274
342	273
342	272
343	271
343	270
343	269
344	268
344	267
345	266
345	265
345	264
346	263
346	262
346	261
347	260
347	259
347	258
347	257
347	256
347	255
347	254
347	253
348	252
347	251
347	250
347	249
347	248
347	247
346	246
346	245
346	244
346	243
345	242
345	241
345	240
344	239
344	238
344	237
344	236
344	235
343	234
343	233
343	232
343	231
343	230
342	229
342	228
342	227
342	226
342	225
342	224
342	223
341	222
341	221
341	220
341	219
341	218
341	217
341	216
341	215
340	214
340	213
340	212
340	211
340	210
340	209
339	208
339	207
339	206
339	205
338	204
338	203
338	202
338	201
337	200
337	199
337	198
336	197
336	196
336	195
336	194
336	193
335	192
335	191
335	190
335	189
335	188
335	187
334	186
334	185
334	184
334	183
333	182
333	181
333	180
333	179
332	178
331	178
330	178
329	177
328	176
328	175
327	174
327	173
327	172
327	171
327	170
327	169
327	168
327	167
327	166
327	165
327	164
327	163
327	162
327	161
328	160
328	159
328	158
328	157
328	156
328	155
328	154
328	153
328	152
327	152
326	151
325	151
324	150
323	150
322	149
322	148
322	147
322	146
322	145
322	144
322	143
322	142
322	141
322	140
323	139
324	138
324	137
325	136
325	135
326	134
326	133
327	132
327	131
328	130
328	129
328	128
328	127
328	126
328	125
329	124
330	123
330	122
330	121
331	120
331	119
331	118
331	117
331	116
331	115
331	114
330	113
330	112
330	111
330	110
330	109
330	108
329	107
329	106
328	106
327	105
327	104
326	103
326	102
326	101
326	100
325	99
325	98
325	97
324	96
323	95
323	94
323	93
323	92
323	91
322	90
321	89
320	88
319	88
318	87
317	86
316	86
315	85
314	84
313	84
312	84
311	84
310	84
309	84
308	84
307	84
306	83
305	82
304	81
304	80
303	80
302	80
301	80
300	80
299	79
298	78
298	77
298	76
298	75
298	74
298	73
297	72
296	72
295	71
294	70
293	70
292	69
291	68
290	68
289	67
288	67
287	66
286	65
285	65
284	64
283	64
282	63
281	62
280	62
279	61
278	61
277	60
276	59
275	59
274	58
273	58
272	57
271	56
270	56
269	55
268	55
267	55
266	55
265	55
264	55
263	55
262	55
261	55
260	55
259	54
258	54
257	54
256	53
255	52
254	51
253	50
252	49
251	49
250	48
249	48
248	47
247	47
246	47
245	47
244	47
243	46
242	46
241	46
240	46
239	45
238	45
237	45
236	45
235	45
234	44
233	44
232	44
231	44

