321	164
320	165
319	166
319	167
318	168
317	169
317	170
316	171
316	172
315	173
315	174
314	175
313	176
313	177
313	178
312	179
311	180
310	180
309	180
308	181
307	181
306	182
305	183
304	184
304	185
303	186
302	187
301	187
300	188
299	188
298	189
297	189
296	190
295	190
294	191
293	192
292	193
291	193
290	194
289	194
288	194
287	194
286	194
285	194
284	194
283	194
282	194
281	194
280	194
279	194
278	194
277	194
276	194
275	194
274	194
273	193
272	193
271	193
270	193
269	193
268	194
267	194
266	194
265	194
264	195
263	195
262	196
261	197
260	197
259	198
258	198
257	199
256	200
255	201
254	202
253	203
252	204
251	205
251	206
250	207
249	208
248	209
248	210
247	211
246	212
246	213
245	214
245	215
244	216
244	217
243	218
243	219
242	220
242	221
241	222
240	223
240	224
239	225
238	226
237	227
236	227
235	227
234	227
233	227
232	227
231	227
230	227
229	227
228	226
228	225
228	224
228	223
228	222
228	221
227	221
226	222
225	222
224	222
223	222
222	222
221	222
220	222
219	222
218	223
217	223
216	223
215	223
214	224
213	224
212	224
211	224
210	224
209	224
208	224
207	224
206	224
205	224
204	224
203	223
202	223
201	222
200	221
199	221
198	220
197	220
196	220
195	221
194	221
193	222
192	222
191	223
190	224
189	225
188	226
187	227
186	228
185	229
185	230
184	231
184	232
183	233
183	234
183	235
183	236
183	237
183	238
183	239
183	240
183	241
183	242
184	243
184	244
185	245
186	246
187	247
188	248
189	249
190	249
191	250
192	250
193	251
194	251
194	250
195	249
195	248
196	247
197	246
198	246
199	246
200	246
201	246
202	246
203	246
204	246
205	246
206	246
207	246
208	246
209	247
210	247
211	248
212	248
213	249
214	249
215	250
216	251
217	251
218	252
219	252
220	252
221	251
222	250
223	250
224	250
225	250
226	250
227	250
228	250
229	250
230	251
230	252
231	253
231	254
232	255
233	256
233	257
234	258
234	259
235	259
236	260
237	261
237	262
238	263
238	264
238	265
239	266
239	267
240	268
240	269
241	270
242	271
242	272
243	273
243	274
243	275
244	276
244	277
245	278
245	279
246	280
246	281
247	282
248	283
248	284
249	285
250	286
251	287
252	288
253	289
254	289
255	289
256	289
257	289
258	290
259	290
260	291
261	291
262	292
263	292
264	293
265	293
266	293
267	294
268	294
269	295
270	295
271	295
272	296
273	296
274	297
275	297
276	297
277	298
278	298
279	299
280	299
281	300
282	301
283	301
284	302
285	303
286	304
287	304
288	305
289	306
290	307
291	308
292	309
293	310
293	311
294	312
295	313
296	314
296	315
297	316
297	317
298	318
299	319
299	320
300	321
300	322
301	323
301	324
301	325
302	326
302	327
302	328
303	329
303	330
303	331
304	332
304	333
304	334
305	335
305	336
305	337
306	338
306	339
307	340
307	341
307	342
308	343
308	344
308	345
308	346
308	347
308	348
308	349
308	350
308	351
308	352
308	353
307	354
306	354
305	354
304	354
303	354
302	354
301	354
300	354
299	353
299	352
298	351
298	350
297	349
297	348
296	347
296	346
296	345
295	344
295	343
295	342
294	341
294	340
293	339
293	338
292	337
292	336
291	335
291	334
290	333
290	332
289	331
288	330
288	329
287	328
286	327
285	326
284	326
283	325
282	324
281	324
280	323
279	322
278	322
277	321
276	320
275	319
274	319
273	318
272	318
271	317
270	316
269	316
268	315
267	315
266	314
265	314
264	313
263	313
262	313
261	313
260	314
259	315
258	315
257	316
256	316
255	317
254	317
253	318
252	319
251	320
250	321
249	321
248	322
247	323
246	324
246	325
245	326
244	327
244	328
244	329
243	330
243	331
243	332
243	333
243	334
243	335
243	336
243	337
243	338
243	339
243	340
242	341
241	342
240	343
239	344
238	345
237	346
237	347
236	348
236	349
235	350
235	351
234	352
233	353
232	354
231	355
231	356
230	357
230	358
230	359
229	360
229	361
228	362
227	362
226	363
225	363
224	364
223	364
222	364
221	364
220	364
219	365
218	365
217	366
216	366
215	366
214	366
213	367
212	367
211	368
210	368
209	368
208	368
207	369
206	370
206	371
205	372
205	373
204	374
204	375
204	376
204	377
204	378
203	379
203	380
203	381
203	382
203	383
203	384
203	385
202	386
202	387
202	388
202	389
202	390
202	391
202	392
202	393
202	394
202	395
202	396
201	397
201	398
201	399
200	400
200	401
200	402
200	403
199	404
199	405
199	406
198	407
198	408
198	409
198	410
197	411
197	412
197	413
197	414
197	415
197	416
197	417
198	418
198	419
198	420
198	421
199	422
199	423
199	424
200	425
200	426
201	427
201	428
202	429
202	430
203	431
204	432
204	433
205	434
206	435
207	436
208	437
209	438
210	439
211	440
212	440
213	441
214	442
215	442
216	443
217	443
218	444
219	444
220	444
221	445
222	445
223	445
224	446
225	446
226	446
227	446
228	447
229	447
230	447
231	447
232	447
233	447
234	447
235	447
236	446
237	446
238	446
239	445
240	445
241	444
242	444
243	443
244	442
245	442
246	442
247	442
248	441
249	440
250	439
251	439
252	439
253	439
254	439
255	439
256	439
257	439
258	439
259	439
260	439
261	438
262	438
263	437
264	437
265	436
266	436
267	436
267	435
268	434
269	433
270	433
271	432
272	431
273	431
274	430
275	429
276	429
277	428
278	427
279	427
280	426
281	425
282	425
283	424
284	424
285	423
286	422
287	422
288	421
289	420
290	420
291	419
292	419
293	418
294	418
295	417
296	416
297	416
298	415
299	414
300	414
301	413
302	412
303	411
304	411
305	410
306	410
307	409
308	408
308	407
309	406
310	405
311	405
312	404
313	403
314	402
315	402
316	401
317	400
318	399
319	398
320	397
320	396
320	395
320	394
320	393
320	392
320	391
321	390
321	389
322	388
322	387
323	386
323	385
323	384
324	383
324	382
325	381
325	380
325	379
325	378
325	377
325	376
325	375
326	374
326	373
327	372
328	371
329	371
329	370
330	369
331	368
331	367
332	366
332	365
332	364
332	363
332	362
332	361
332	360
332	359
332	358
332	357
332	356
332	355
332	354
332	353
332	352
332	351
332	350
332	349
332	348
332	347
332	346
332	345
332	344
332	343
332	342
332	341
331	340
331	339
331	338
331	337
331	336
331	335
331	334
331	333
331	332
331	331
331	330
331	329
331	328
331	327
331	326
331	325
331	324
331	323
331	322
331	321
331	320
331	319
331	318
331	317
331	316
331	315
331	314
331	313
331	312
331	311
331	310
332	309
332	308
332	307
332	306
332	305
332	304
332	303
332	302
332	301
332	300
332	299
332	298
332	297
332	296
333	295
333	294
333	293
333	292
333	291
333	290
334	289
334	288
334	287
335	286
335	285
335	284
336	283
336	282
336	281
336	280
337	279
337	278
337	277
338	276
338	275
338	274
339	273
339	272
339	271
340	270
340	269
341	268
341	267
341	266
342	265
342	264
342	263
343	262
343	261
344	260
344	259
344	258
344	257
345	256
345	255
345	254
345	253
345	252
344	251
344	250
344	249
344	248
344	247
343	246
343	245
343	244
343	243
342	242
342	241
342	240
342	239
341	238
341	237
341	236
341	235
341	234
340	233
340	232
340	231
340	230
339	229
339	228
339	227
339	226
339	225
339	224
338	223
338	222
338	221
338	220
338	219
337	218
337	217
337	216
337	215
336	214
336	213
336	212
336	211
336	210
335	209
335	208
334	207
334	206
334	205
334	204
334	203
334	202
333	201
333	200
332	199
332	198
332	197
331	196
331	195
331	194
331	193
331	192
330	191
330	190
329	189
328	188
327	188
326	187
325	186
324	185
323	184
323	183
323	182
323	181
323	180
323	179
323	178
323	177
323	176
323	175
323	174
323	173
323	172
323	171
323	170
323	169
323	168
324	167
324	166
324	165
324	164
323	164
322	164
321	164
