98.358957 51.516574
99.353475 51.412009
100.334661 51.242438
101.290051 50.947091
102.245441 50.651744
103.200831 50.356396
104.147225 50.038733
105.040350 49.588924
105.959292 49.205403
106.921380 48.932667
107.883469 48.659930
108.845558 48.387194
109.807647 48.114457
110.797265 48.123156
111.793969 48.204285
112.790673 48.285414
113.789192 48.329427
114.789055 48.345838
115.788944 48.330940
116.788833 48.316042
117.788722 48.301143
118.788611 48.286245
119.788276 48.267750
120.782264 48.158258
121.776251 48.048765
122.773706 47.987549
123.773139 47.953875
124.772572 47.920200
125.769879 47.986489
126.766976 48.062623
127.764074 48.138757
128.761171 48.214891
129.758643 48.274262
130.758146 48.242733
131.757649 48.211204
132.745272 48.070032
133.728332 47.886748
134.711392 47.703463
135.631326 47.320062
136.541622 46.906102
137.451917 46.492142
138.392482 46.163302
139.359754 45.909562
140.327027 45.655822
141.297304 45.600063
142.271830 45.824336
143.246357 46.048609
144.220883 46.272881
145.195409 46.497154
146.129303 46.851650
147.058447 47.221369
147.987590 47.591088
148.916734 47.960807
149.832013 48.362128
150.733262 48.795431
151.634510 49.228734
152.535758 49.662037
153.435456 50.098447
154.323597 50.558019
155.211737 51.017592
156.099877 51.477164
156.988017 51.936737
157.876158 52.396309
158.764298 52.855882
159.652438 53.315454
160.540578 53.775027
161.428719 54.234599
162.316859 54.694172
163.204999 55.153744
164.093140 55.613317
164.981280 56.072889
165.869420 56.532462
166.757560 56.992034
167.645701 57.451607
168.533841 57.911179
169.421981 58.370752
170.310121 58.830324
171.198262 59.289897
172.086402 59.749469
172.950153 60.246780
173.733993 60.867743
174.517834 61.488705
175.301674 62.109668
176.085514 62.730630
176.652611 63.539610
177.156646 64.403293
177.660682 65.266976
178.164718 66.130659
178.668753 66.994341
179.233782 67.817157
179.843870 68.609491
180.453959 69.401824
181.064047 70.194157
181.674135 70.986491
182.493208 71.530426
183.378233 71.995969
184.263258 72.461513
185.148283 72.927056
185.993827 73.453043
186.775807 74.076348
187.557786 74.699652
188.339765 75.322956
189.121745 75.946261
189.799992 76.679762
190.469378 77.422677
191.138765 78.165591
191.808151 78.908505
192.462324 79.662729
193.044072 80.476098
193.625820 81.289467
194.207568 82.102836
194.789316 82.916205
195.253341 83.782915
195.481307 84.756584
195.709274 85.730253
195.895920 86.712058
196.054122 87.699465
196.212324 88.686872
196.370526 89.674279
196.572821 90.649923
196.927446 91.584932
197.350970 92.490583
197.779690 93.394021
198.208411 94.297458
198.637131 95.200895
198.950276 96.146158
199.199019 97.114728
199.428378 98.087476
199.600826 99.072495
199.773273 100.057513
199.945721 101.042532
200.118168 102.027551
200.413692 102.978379
200.830737 103.885670
201.290233 104.773850
201.749728 105.662030
202.209223 106.550211
202.636748 107.451618
202.939082 108.404820
203.241415 109.358022
203.457101 110.331594
203.611135 111.319660
203.765168 112.307725
203.919201 113.295791
204.115359 114.274232
204.407048 115.230673
204.791540 116.153801
205.176032 117.076930
205.560524 118.000058
205.945017 118.923186
206.236162 119.874422
206.425317 120.856370
206.346751 121.830898
206.103508 122.800864
205.860264 123.770829
205.617021 124.740794
205.356881 125.705184
204.975125 126.629447
204.593369 127.553710
204.211612 128.477974
203.829856 129.402237
203.561166 130.362738
203.334520 131.336716
203.107875 132.310693
202.881229 133.284670
202.685593 134.263488
202.604592 135.260202
202.574845 136.257705
202.625154 137.256438
202.675462 138.255172
202.646284 139.246081
202.402190 140.215832
202.158096 141.185584
201.914001 142.155335
201.669907 143.125087
201.259085 144.031691
200.799512 144.919831
200.339940 145.807972
199.880367 146.696112
199.322432 147.512282
198.615017 148.219081
197.907603 148.925880
197.200188 149.632678
196.492774 150.339477
195.706891 150.954978
194.901805 151.548137
194.102220 152.147934
193.369769 152.828754
192.640264 153.512267
192.027683 154.302675
191.415103 155.093083
190.802522 155.883491
190.189941 156.673899
189.626051 157.498169
189.098248 158.347535
188.570444 159.196902
188.042640 160.046268
187.480079 160.867666
186.763322 161.564989
186.046565 162.262312
185.329808 162.959635
184.613051 163.656958
183.777925 164.174283
182.853686 164.556097
181.880848 164.781148
180.902708 164.989097
179.924569 165.197045
178.946429 165.404994
177.970723 165.617723
177.227206 166.286441
176.504425 166.976201
175.824813 167.709773
175.145202 168.443346
174.660525 169.278942
174.445114 170.255466
174.229703 171.231989
174.052800 172.215119
173.930414 173.207601
174.074161 174.190566
174.267132 175.171771
174.460102 176.152976
174.653072 177.134180
174.846042 178.115385
175.121256 179.064703
175.752027 179.838329
176.404044 180.596533
177.056061 181.354737
177.708079 182.112941
178.354304 182.875825
178.958682 183.672524
179.563059 184.469222
180.167436 185.265920
180.771813 186.062618
181.304386 186.898470
181.465918 187.881184
181.584650 188.874111
181.703383 189.867037
181.822115 190.859963
181.940848 191.852889
182.051143 192.846755
182.153587 193.841493
182.349918 194.818657
182.614215 195.783099
182.878512 196.747540
183.142809 197.711981
183.406828 198.676499
183.670791 199.641032
183.917756 200.608952
184.043677 201.600992
184.169597 202.593032
184.273959 203.586761
184.304038 204.586309
184.334118 205.585856
184.364197 206.585404
184.394276 207.584951
184.424192 208.584504
184.502733 209.580617
184.613434 210.574470
184.724135 211.568324
184.834836 212.562178
184.945538 213.556031
185.135104 214.537853
185.325796 215.519503
185.507816 216.502229
185.562824 217.500715
185.617832 218.499201
185.509939 219.485895
185.311708 220.466050
185.113477 221.446206
184.915246 222.426361
184.693054 223.398080
184.233481 224.286220
183.773909 225.174361
183.314336 226.062501
182.854764 226.950641
182.369438 227.824778
181.873837 228.693329
181.378236 229.561879
180.882635 230.430429
180.347073 231.272192
179.731915 232.060596
179.116757 232.848999
178.501600 233.637403
177.886442 234.425807
177.187639 235.139943
176.477573 235.844078
175.767506 236.548212
175.057440 237.252347
174.299988 237.892846
173.418314 238.364706
172.536640 238.836566
171.654967 239.308425
170.773293 239.780285
169.891619 240.252144
169.061699 240.809784
168.233172 241.369734
167.404646 241.929683
166.633210 242.565729
165.851707 243.184678
164.932458 243.578355
164.013209 243.972032
163.093960 244.365710
162.174712 244.759387
161.255463 245.153064
160.323580 245.512979
159.376198 245.833084
158.428816 246.153189
157.481434 246.473294
156.534052 246.793399
155.586670 247.113504
154.635193 247.418108
153.644684 247.555556
152.654175 247.693003
151.663666 247.830450
150.673157 247.967897
149.682648 248.105345
148.730438 247.900289
147.794753 247.547452
146.859068 247.194615
145.923383 246.841778
145.001300 246.458326
144.112257 246.000501
143.223215 245.542677
142.334172 245.084852
141.445129 244.627028
140.557188 244.167072
139.669349 243.706918
138.781509 243.246764
137.893670 242.786610
137.006157 242.325829
136.118924 241.864508
135.231690 241.403187
134.344457 240.941866
133.457132 240.480722
132.569328 240.020500
131.681524 239.560278
130.793720 239.100056
129.905916 238.639834
129.017849 238.180121
128.129708 237.720549
127.241568 237.260976
126.353428 236.801404
125.465288 236.341831
124.577147 235.882259
123.689007 235.422686
122.800867 234.963114
121.912727 234.503541
121.024586 234.043969
120.136446 233.584397
119.248305 233.124824
118.360165 232.665252
117.520238 232.126749
116.705883 231.546383
115.891527 230.966016
115.077172 230.385649
114.298649 229.765606
113.638573 229.014407
112.978496 228.263209
112.318419 227.512011
111.658342 226.760813
111.002512 226.005923
110.350397 225.247803
109.698282 224.489683
109.046167 223.731563
108.452322 222.928943
107.734013 222.243150
106.967962 221.600369
106.201912 220.957589
105.435862 220.314808
104.650118 219.698488
103.814491 219.149190
102.978864 218.599892
102.143238 218.050594
101.307611 217.501297
100.428407 217.025881
99.543395 216.560313
98.658383 216.094746
97.773370 215.629178
96.903358 215.137071
96.048025 214.618993
95.192691 214.100915
94.337358 213.582837
93.486507 213.057904
92.668951 212.482055
91.851395 211.906206
91.033839 211.330356
90.216283 210.754507
89.450077 210.114173
88.705781 209.446323
87.961486 208.778472
87.217191 208.110621
86.492471 207.424024
85.857429 206.651546
85.173142 205.922351
84.488556 205.193419
83.803970 204.464487
83.163478 203.698615
82.565759 202.896910
81.968039 202.095204
81.370320 201.293499
80.772600 200.491794
80.396011 199.583821
80.231753 198.616000
80.479169 197.647091
80.726584 196.678181
80.973999 195.709272
81.221414 194.740362
81.549434 193.797448
81.914705 192.866546
82.279976 191.935645
82.645246 191.004744
83.032004 190.083318
83.473075 189.185846
83.914146 188.288374
84.355218 187.390902
84.796289 186.493430
85.254116 185.604409
85.713688 184.716269
86.173261 183.828129
86.632833 182.939988
87.281036 182.216045
88.097350 181.638436
88.913663 181.060827
89.729977 180.483218
90.546291 179.905610
91.453306 179.624383
92.428016 179.847858
93.402726 180.071332
94.377436 180.294807
95.352145 180.518281
96.257870 180.923247
97.134926 181.403634
98.011983 181.884022
98.889039 182.364409
99.733509 182.893428
100.511317 183.521930
101.289125 184.150432
102.066932 184.778934
102.844740 185.407436
103.524227 186.138882
104.114630 186.944606
104.686192 187.765165
105.257754 188.585724
105.829316 189.406283
106.566751 190.080645
107.309019 190.750748
108.051288 191.420851
108.793556 192.090954
109.602314 192.664398
110.493540 193.117958
111.384766 193.571518
112.275992 194.025077
113.163423 194.485185
113.999951 195.033109
114.836479 195.581032
115.673007 196.128956
116.509536 196.676880
117.298190 197.289130
118.063208 197.933138
118.828227 198.577147
119.593246 199.221155
120.327892 199.893627
120.953943 200.673409
121.579994 201.453190
122.206046 202.232972
122.832097 203.012754
123.387259 203.837883
123.832725 204.733181
124.278192 205.628480
124.723658 206.523779
125.157935 207.424244
125.550548 208.343948
126.079311 209.191366
126.621212 210.031808
127.163112 210.872251
127.705013 211.712693
128.246914 212.553136
128.911035 213.298287
129.593944 214.028791
130.276852 214.759295
130.984699 215.465390
131.734352 216.120017
132.588864 216.639449
133.443377 217.158880
134.297889 217.678311
135.152401 218.197743
136.107933 218.472114
137.080257 218.705748
138.052582 218.939382
139.034433 219.127138
140.023434 219.267202
141.020833 219.339279
142.018232 219.411356
143.015632 219.483433
144.013031 219.555509
145.011290 219.561082
146.010220 219.514828
147.009149 219.468574
148.008079 219.422320
149.006325 219.426459
150.004899 219.475168
151.004467 219.504576
152.004034 219.533984
153.003602 219.563392
154.003169 219.592799
154.957025 219.351085
155.891693 218.995563
156.758659 218.575351
157.071299 217.625480
157.383940 216.675608
157.696580 215.725736
158.009220 214.775865
158.051324 213.794731
157.963562 212.798589
157.778092 211.817509
157.561798 210.841181
157.345504 209.864853
157.139822 208.886534
156.987547 207.898196
156.835273 206.909857
156.682998 205.921519
156.526682 204.933817
156.368168 203.946460
156.064134 202.998022
155.708614 202.063353
155.353094 201.128684
154.997574 200.194016
154.610847 199.272805
154.175119 198.372727
153.739392 197.472648
153.396773 196.533619
153.061801 195.591391
152.726830 194.649163
152.419909 193.697692
152.129166 192.740891
151.838422 191.784090
151.454478 190.863532
151.022443 189.961675
150.590409 189.059817
150.046242 188.223735
149.469908 187.406520
148.893575 186.589306
148.317241 185.772091
147.740907 184.954877
147.203772 184.111955
146.730852 183.230849
146.257933 182.349743
145.785013 181.468638
145.312094 180.587532
144.839290 179.706365
144.366570 178.825152
143.893851 177.943939
143.396554 177.077158
142.857272 176.235033
142.359379 175.370005
141.932302 174.465790
141.505225 173.561574
141.078147 172.657359
140.651070 171.753144
140.223993 170.848929
139.779272 169.953323
139.333660 169.058097
138.888048 168.162871
138.442436 167.267645
137.996824 166.372419
137.508484 165.501520
136.966056 164.661418
136.423628 163.821316
135.788449 163.048961
135.153154 162.276692
134.587760 161.455588
134.081177 160.593396
133.574595 159.731205
133.068013 158.869013
132.561430 158.006821
132.176465 157.099516
132.192759 156.115506
132.370755 155.131475
132.548751 154.147444
132.726747 153.163413
132.904743 152.179381
133.287811 151.256518
133.677959 150.335766
134.068108 149.415014
134.458257 148.494262
134.987500 147.657266
135.618784 146.881714
136.250068 146.106163
136.881352 145.330611
137.539870 144.588621
138.428811 144.130600
139.317752 143.672578
140.286871 143.438131
141.264294 143.226837
142.241716 143.015544
143.219139 142.804250
144.178491 142.523653
145.132036 142.223322
146.062487 141.856904
146.992937 141.490486
147.923387 141.124067
148.853837 140.757649
149.823542 140.516769
150.796989 140.287859
151.784034 140.341704
152.774955 140.476152
153.765875 140.610601
154.756796 140.745049
155.739350 140.911011
156.666471 141.285774
157.593591 141.660537
158.520712 142.035300
159.447833 142.410063
160.423246 142.597295
161.416061 142.716952
162.408877 142.836609
163.402897 142.768077
164.397163 142.661141
165.267958 142.196980
166.116047 141.667127
166.964136 141.137273
167.809142 140.603288
168.558463 139.941081
169.307785 139.278874
170.057106 138.616668
170.806427 137.954461
171.522273 137.259310
172.172412 136.499495
172.822552 135.739680
173.477853 134.984591
174.177435 134.270039
174.608705 133.380480
174.980642 132.452222
175.352580 131.523965
175.724518 130.595707
176.074421 129.660226
176.370484 128.705058
176.666547 127.749889
176.962609 126.794721
177.258672 125.839552
177.413719 124.851903
177.565333 123.863463
177.716947 122.875024
177.868561 121.886584
178.015906 120.897516
178.155564 119.907316
178.295222 118.917116
178.434879 117.926916
178.574537 116.936716
178.614548 115.939474
178.524816 114.947252
178.353642 113.962011
178.182468 112.976770
178.011294 111.991530
177.826572 111.008910
177.617833 110.030939
177.409093 109.052968
177.221511 108.071025
177.061357 107.083933
176.901203 106.096841
176.516595 105.181325
176.075746 104.283743
175.634898 103.386162
175.155967 102.510782
174.592063 101.684941
174.028159 100.859101
173.464256 100.033261
172.900352 99.207420
172.447470 98.328904
172.187515 97.363283
171.927559 96.397662
171.667604 95.432042
171.407648 94.466421
171.147693 93.500800
170.878528 92.537754
170.327513 91.712625
169.730740 90.910215
169.133967 90.107805
168.537193 89.305395
167.940420 88.502985
167.138233 87.906888
166.333224 87.313626
165.528215 86.720364
164.723205 86.127102
163.892457 85.571983
163.041041 85.047491
162.189626 84.522999
161.338211 83.998507
160.480715 83.484763
159.592575 83.025191
158.704435 82.565618
157.816294 82.106046
156.928154 81.646473
156.039685 81.187537
155.151127 80.728772
154.262570 80.270006
153.374013 79.811241
152.485207 79.352957
151.596047 78.895361
150.706887 78.437765
149.817726 77.980169
148.928593 77.522521
148.040188 77.063459
147.151784 76.604398
146.263380 76.145336
145.374975 75.686274
144.487418 75.225579
143.600301 74.764034
142.713184 74.302490
141.826066 73.840946
140.925184 73.410258
139.989104 73.058471
139.053024 72.706684
138.116944 72.354897
137.180864 72.003111
136.190178 72.005053
135.191591 72.058184
134.193003 72.111315
133.194416 72.164447
132.195828 72.217578
131.214000 72.396365
130.244017 72.639463
129.274275 72.883594
128.304532 73.127725
127.334790 73.371856
126.365048 73.615987
125.365648 73.625574
124.365661 73.630506
123.370743 73.549783
122.378319 73.426919
121.388798 73.287100
120.412011 73.072889
119.435223 72.858678
118.458436 72.644467
117.481648 72.430256
116.505144 72.214759
115.528790 71.998584
114.552435 71.782408
113.576081 71.566233
112.597638 71.362339
111.604699 71.243710
110.611761 71.125081
109.618822 71.006453
108.620543 70.986930
107.621696 70.965224
106.624686 70.887948
105.627677 70.810672
104.630667 70.733397
103.633657 70.656121
102.647153 70.503577
101.667091 70.304888
100.687028 70.106199
99.706966 69.907509
98.733347 69.690628
97.846739 69.228106
96.960131 68.765584
96.073523 68.303063
95.186915 67.840541
94.328721 67.328625
93.483171 66.794730
92.637620 66.260834
91.792070 65.726939
91.087285 65.075458
90.712443 64.148370
90.337600 63.221281
89.962757 62.294193
89.587915 61.367104
89.318164 60.440760
89.706096 59.519072
90.094028 58.597384
90.481961 57.675697
90.869893 56.754009
91.395834 55.908444
91.968478 55.088640
92.541122 54.268836
93.113766 53.449031
93.815498 52.810337
94.777266 52.536471
95.739034 52.262605
96.700801 51.988739
97.662569 51.714872