0	1	5.000000	15.000000
0	1	6.497501	14.925062
0	1	7.980040	14.700999
0	1	9.432803	14.330047
0	1	10.841275	13.815915
0	1	12.191383	13.163738
0	1	13.469637	12.380034
0	1	14.663265	11.472633
0	1	15.760341	10.450601
0	1	16.749904	9.324150
0	1	17.622065	8.104535
0	1	18.368110	6.803942
0	1	18.980586	5.435366
0	1	19.453373	4.012482
0	1	19.781746	2.549507
0	1	19.962425	1.061058
0	1	19.993604	-0.437993
0	1	19.874972	-1.932667
0	1	19.607714	-3.408031
0	1	19.194501	-4.849344
0	1	18.639461	-6.242203
0	1	17.948140	-7.572692
0	1	17.127446	-8.827517
0	1	16.185578	-9.994140
0	1	15.131948	-11.060906
0	1	13.977082	-12.017154
0	1	12.732521	-12.853331
0	1	11.410698	-13.561082
0	1	10.024822	-14.133335
0	1	8.588740	-14.564372
0	1	7.116800	-14.849887
0	1	5.623710	-14.987027
0	1	4.124388	-14.974422
0	1	2.633815	-14.812197
0	1	1.166883	-14.501973
0	1	-0.261748	-14.046850
0	1	-1.637807	-13.451376
0	1	-2.947542	-12.721500
0	1	-4.177868	-11.864516
0	1	-5.316492	-10.888985
0	1	-6.352037	-9.804654
0	1	-7.274157	-8.622359
0	1	-8.073637	-7.353912
0	1	-8.742489	-6.011988
0	1	-9.274031	-4.609993
0	1	-9.662952	-3.161937
0	1	-9.905365	-1.682288
0	1	-9.998849	-0.185830
0	1	-9.942469	1.312485
0	1	-9.736789	2.797686
0	1	-9.383864	4.254933
0	1	-8.887220	5.669666
0	1	-8.251820	7.027750
0	1	-7.484012	8.315615
0	1	-6.591467	9.520393
0	1	-5.583105	10.630047
0	1	-4.469000	11.633488
0	1	-3.260283	12.520692
0	1	-1.969033	13.282793
0	1	-0.608150	13.912176
0	1	0.808768	14.402554
0	1	2.267562	14.749027
0	1	3.753659	14.948131
0	2	35.000000	15.000000
0	2	36.497501	14.925062
0	2	37.980040	14.700999
0	2	39.432803	14.330047
0	2	40.841275	13.815915
0	2	42.191383	13.163738
0	2	43.469637	12.380034
0	2	44.663265	11.472633
0	2	45.760341	10.450601
0	2	46.749904	9.324150
0	2	47.622065	8.104535
0	2	48.368110	6.803942
0	2	48.980586	5.435366
0	2	49.453373	4.012482
0	2	49.781746	2.549507
0	2	49.962425	1.061058
0	2	49.993604	-0.437993
0	2	49.874972	-1.932667
0	2	49.607714	-3.408031
0	2	49.194501	-4.849344
0	2	48.639461	-6.242203
0	2	47.948140	-7.572692
0	2	47.127446	-8.827517
0	2	46.185578	-9.994140
0	2	45.131948	-11.060906
0	2	43.977082	-12.017154
0	2	42.732521	-12.853331
0	2	41.410698	-13.561082
0	2	40.024822	-14.133335
0	2	38.588740	-14.564372
0	2	37.116800	-14.849887
0	2	35.623710	-14.987027
0	2	34.124388	-14.974422
0	2	32.633815	-14.812197
0	2	31.166883	-14.501973
0	2	29.738252	-14.046850
0	2	28.362193	-13.451376
0	2	27.052458	-12.721500
0	2	25.822132	-11.864516
0	2	24.683508	-10.888985
0	2	23.647963	-9.804654
0	2	22.725843	-8.622359
0	2	21.926363	-7.353912
0	2	21.257511	-6.011988
0	2	20.725969	-4.609993
0	2	20.337048	-3.161937
0	2	20.094635	-1.682288
0	2	20.001151	-0.185830
0	2	20.057531	1.312485
0	2	20.263211	2.797686
0	2	20.616136	4.254933
0	2	21.112780	5.669666
0	2	21.748180	7.027750
0	2	22.515988	8.315615
0	2	23.408533	9.520393
0	2	24.416895	10.630047
0	2	25.531000	11.633488
0	2	26.739717	12.520692
0	2	28.030967	13.282793
0	2	29.391850	13.912176
0	2	30.808768	14.402554
0	2	32.267562	14.749027
0	2	33.753659	14.948131
1	1	20.000000	10.000000
1	1	20.942323	9.995066
1	1	21.883716	9.980267
1	1	22.823249	9.955620
1	1	23.759997	9.921147
1	1	24.693034	9.876883
1	1	25.621439	9.822873
1	1	26.544297	9.759168
1	1	27.460697	9.685832
1	1	28.369733	9.602937
1	1	29.270510	9.510565
1	1	30.162138	9.408808
1	1	31.043737	9.297765
1	1	31.914437	9.177546
1	1	32.773379	9.048271
1	1	33.619715	8.910065
1	1	34.452610	8.763067
1	1	35.271242	8.607420
1	1	36.074804	8.443279
1	1	36.862501	8.270806
1	1	37.633558	8.090170
1	1	38.387212	7.901550
1	1	39.122720	7.705132
1	1	39.839356	7.501111
1	1	40.536413	7.289686
1	1	41.213203	7.071068
1	1	41.869059	6.845471
1	1	42.503332	6.613119
1	1	43.115397	6.374240
1	1	43.704650	6.129071
1	1	44.270510	5.877853
1	1	44.812417	5.620834
1	1	45.329838	5.358268
1	1	45.822261	5.090414
1	1	46.289200	4.817537
1	1	46.730196	4.539905
1	1	47.144812	4.257793
1	1	47.532639	3.971479
1	1	47.893295	3.681246
1	1	48.226423	3.387379
1	1	48.531695	3.090170
1	1	48.808811	2.789911
1	1	49.057495	2.486899
1	1	49.277503	2.181432
1	1	49.468618	1.873813
1	1	49.630650	1.564345
1	1	49.763441	1.253332
1	1	49.866859	0.941083
1	1	49.940802	0.627905
1	1	49.985197	0.314108
1	1	50.000000	-0.000000
1	1	49.985197	-0.314108
1	1	49.940802	-0.627905
1	1	49.866859	-0.941083
1	1	49.763441	-1.253332
1	1	49.630650	-1.564345
1	1	49.468618	-1.873813
1	1	49.277503	-2.181432
1	1	49.057495	-2.486899
1	1	48.808811	-2.789911
1	1	48.531695	-3.090170
1	1	48.226423	-3.387379
1	1	47.893295	-3.681246
1	1	47.532639	-3.971479
1	1	47.144812	-4.257793
1	1	46.730196	-4.539905
1	1	46.289200	-4.817537
1	1	45.822261	-5.090414
1	1	45.329838	-5.358268
1	1	44.812417	-5.620834
1	1	44.270510	-5.877853
1	1	43.704650	-6.129071
1	1	43.115397	-6.374240
1	1	42.503332	-6.613119
1	1	41.869059	-6.845471
1	1	41.213203	-7.071068
1	1	40.536413	-7.289686
1	1	39.839356	-7.501111
1	1	39.122720	-7.705132
1	1	38.387212	-7.901550
1	1	37.633558	-8.090170
1	1	36.862501	-8.270806
1	1	36.074804	-8.443279
1	1	35.271242	-8.607420
1	1	34.452610	-8.763067
1	1	33.619715	-8.910065
1	1	32.773379	-9.048271
1	1	31.914437	-9.177546
1	1	31.043737	-9.297765
1	1	30.162138	-9.408808
1	1	29.270510	-9.510565
1	1	28.369733	-9.602937
1	1	27.460697	-9.685832
1	1	26.544297	-9.759168
1	1	25.621439	-9.822873
1	1	24.693034	-9.876883
1	1	23.759997	-9.921147
1	1	22.823249	-9.955620
1	1	21.883716	-9.980267
1	1	20.942323	-9.995066
1	1	20.000000	-10.000000
1	1	19.057677	-9.995066
1	1	18.116284	-9.980267
1	1	17.176751	-9.955620
1	1	16.240003	-9.921147
1	1	15.306966	-9.876883
1	1	14.378561	-9.822873
1	1	13.455703	-9.759168
1	1	12.539303	-9.685832
1	1	11.630267	-9.602937
1	1	10.729490	-9.510565
1	1	9.837862	-9.408808
1	1	8.956263	-9.297765
1	1	8.085563	-9.177546
1	1	7.226621	-9.048271
1	1	6.380285	-8.910065
1	1	5.547390	-8.763067
1	1	4.728758	-8.607420
1	1	3.925196	-8.443279
1	1	3.137499	-8.270806
1	1	2.366442	-8.090170
1	1	1.612788	-7.901550
1	1	0.877280	-7.705132
1	1	0.160644	-7.501111
1	1	-0.536413	-7.289686
1	1	-1.213203	-7.071068
1	1	-1.869059	-6.845471
1	1	-2.503332	-6.613119
1	1	-3.115397	-6.374240
1	1	-3.704650	-6.129071
1	1	-4.270510	-5.877853
1	1	-4.812417	-5.620834
1	1	-5.329838	-5.358268
1	1	-5.822261	-5.090414
1	1	-6.289200	-4.817537
1	1	-6.730196	-4.539905
1	1	-7.144812	-4.257793
1	1	-7.532639	-3.971479
1	1	-7.893295	-3.681246
1	1	-8.226423	-3.387379
1	1	-8.531695	-3.090170
1	1	-8.808811	-2.789911
1	1	-9.057495	-2.486899
1	1	-9.277503	-2.181432
1	1	-9.468618	-1.873813
1	1	-9.630650	-1.564345
1	1	-9.763441	-1.253332
1	1	-9.866859	-0.941083
1	1	-9.940802	-0.627905
1	1	-9.985197	-0.314108
1	1	-10.000000	-0.000000
1	1	-9.985197	0.314108
1	1	-9.940802	0.627905
1	1	-9.866859	0.941083
1	1	-9.763441	1.253332
1	1	-9.630650	1.564345
1	1	-9.468618	1.873813
1	1	-9.277503	2.181432
1	1	-9.057495	2.486899
1	1	-8.808811	2.789911
1	1	-8.531695	3.090170
1	1	-8.226423	3.387379
1	1	-7.893295	3.681246
1	1	-7.532639	3.971479
1	1	-7.144812	4.257793
1	1	-6.730196	4.539905
1	1	-6.289200	4.817537
1	1	-5.822261	5.090414
1	1	-5.329838	5.358268
1	1	-4.812417	5.620834
1	1	-4.270510	5.877853
1	1	-3.704650	6.129071
1	1	-3.115397	6.374240
1	1	-2.503332	6.613119
1	1	-1.869059	6.845471
1	1	-1.213203	7.071068
1	1	-0.536413	7.289686
1	1	0.160644	7.501111
1	1	0.877280	7.705132
1	1	1.612788	7.901550
1	1	2.366442	8.090170
1	1	3.137499	8.270806
1	1	3.925196	8.443279
1	1	4.728758	8.607420
1	1	5.547390	8.763067
1	1	6.380285	8.910065
1	1	7.226621	9.048271
1	1	8.085563	9.177546
1	1	8.956263	9.297765
1	1	9.837862	9.408808
1	1	10.729490	9.510565
1	1	11.630267	9.602937
1	1	12.539303	9.685832
1	1	13.455703	9.759168
1	1	14.378561	9.822873
1	1	15.306966	9.876883
1	1	16.240003	9.921147
1	1	17.176751	9.955620
1	1	18.116284	9.980267
1	1	19.057677	9.995066
1	1	20.000000	10.000000
