0	1	0.000000	10.000000
0	1	0.998334	9.950042
0	1	1.986693	9.800666
0	1	2.955202	9.553365
0	1	3.894183	9.210610
0	1	4.794255	8.775826
0	1	5.646425	8.253356
0	1	6.442177	7.648422
0	1	7.173561	6.967067
0	1	7.833269	6.216100
0	1	8.414710	5.403023
0	1	8.912074	4.535961
0	1	9.320391	3.623578
0	1	9.635582	2.674988
0	1	9.854497	1.699671
0	1	9.974950	0.707372
0	1	9.995736	-0.291995
0	1	9.916648	-1.288445
0	1	9.738476	-2.272021
0	1	9.463001	-3.232896
0	1	9.092974	-4.161468
0	1	8.632094	-5.048461
0	1	8.084964	-5.885011
0	1	7.457052	-6.662760
0	1	6.754632	-7.373937
0	1	5.984721	-8.011436
0	1	5.155014	-8.568888
0	1	4.273799	-9.040721
0	1	3.349882	-9.422223
0	1	2.392493	-9.709582
0	1	1.411200	-9.899925
0	1	0.415807	-9.991352
0	1	-0.583741	-9.982948
0	1	-1.577457	-9.874798
0	1	-2.555411	-9.667982
0	1	-3.507832	-9.364567
0	1	-4.425204	-8.967584
0	1	-5.298361	-8.481000
0	1	-6.118579	-7.909677
0	1	-6.877662	-7.259323
0	1	-7.568025	-6.536436
0	1	-8.182771	-5.748239
0	1	-8.715758	-4.902608
0	1	-9.161659	-4.007992
0	1	-9.516021	-3.073329
0	1	-9.775301	-2.107958
0	1	-9.936910	-1.121525
0	1	-9.999233	-0.123887
0	1	-9.961646	0.874990
0	1	-9.824526	1.865124
0	1	-9.589243	2.836622
0	1	-9.258147	3.779777
0	1	-8.834547	4.685167
0	1	-8.322674	5.543743
0	1	-7.727645	6.346929
0	1	-7.055403	7.086698
0	1	-6.312666	7.755659
0	1	-5.506855	8.347128
0	1	-4.646022	8.855195
0	1	-3.738767	9.274784
0	1	-2.794155	9.601703
0	1	-1.821625	9.832684
0	1	-0.830894	9.965421
0	2	40.000000	10.000000
0	2	40.998334	9.950042
0	2	41.986693	9.800666
0	2	42.955202	9.553365
0	2	43.894183	9.210610
0	2	44.794255	8.775826
0	2	45.646425	8.253356
0	2	46.442177	7.648422
0	2	47.173561	6.967067
0	2	47.833269	6.216100
0	2	48.414710	5.403023
0	2	48.912074	4.535961
0	2	49.320391	3.623578
0	2	49.635582	2.674988
0	2	49.854497	1.699671
0	2	49.974950	0.707372
0	2	49.995736	-0.291995
0	2	49.916648	-1.288445
0	2	49.738476	-2.272021
0	2	49.463001	-3.232896
0	2	49.092974	-4.161468
0	2	48.632094	-5.048461
0	2	48.084964	-5.885011
0	2	47.457052	-6.662760
0	2	46.754632	-7.373937
0	2	45.984721	-8.011436
0	2	45.155014	-8.568888
0	2	44.273799	-9.040721
0	2	43.349882	-9.422223
0	2	42.392493	-9.709582
0	2	41.411200	-9.899925
0	2	40.415807	-9.991352
0	2	39.416259	-9.982948
0	2	38.422543	-9.874798
0	2	37.444589	-9.667982
0	2	36.492168	-9.364567
0	2	35.574796	-8.967584
0	2	34.701639	-8.481000
0	2	33.881421	-7.909677
0	2	33.122338	-7.259323
0	2	32.431975	-6.536436
0	2	31.817229	-5.748239
0	2	31.284242	-4.902608
0	2	30.838341	-4.007992
0	2	30.483979	-3.073329
0	2	30.224699	-2.107958
0	2	30.063090	-1.121525
0	2	30.000767	-0.123887
0	2	30.038354	0.874990
0	2	30.175474	1.865124
0	2	30.410757	2.836622
0	2	30.741853	3.779777
0	2	31.165453	4.685167
0	2	31.677326	5.543743
0	2	32.272355	6.346929
0	2	32.944597	7.086698
0	2	33.687334	7.755659
0	2	34.493145	8.347128
0	2	35.353978	8.855195
0	2	36.261233	9.274784
0	2	37.205845	9.601703
0	2	38.178375	9.832684
0	2	39.169106	9.965421
1	1	20.000000	10.000000
1	1	20.942323	9.995066
1	1	21.883716	9.980267
1	1	22.823249	9.955620
1	1	23.759997	9.921147
1	1	24.693034	9.876883
1	1	25.621439	9.822873
1	1	26.544297	9.759168
1	1	27.460697	9.685832
1	1	28.369733	9.602937
1	1	29.270510	9.510565
1	1	30.162138	9.408808
1	1	31.043737	9.297765
1	1	31.914437	9.177546
1	1	32.773379	9.048271
1	1	33.619715	8.910065
1	1	34.452610	8.763067
1	1	35.271242	8.607420
1	1	36.074804	8.443279
1	1	36.862501	8.270806
1	1	37.633558	8.090170
1	1	38.387212	7.901550
1	1	39.122720	7.705132
1	1	39.839356	7.501111
1	1	40.536413	7.289686
1	1	41.213203	7.071068
1	1	41.869059	6.845471
1	1	42.503332	6.613119
1	1	43.115397	6.374240
1	1	43.704650	6.129071
1	1	44.270510	5.877853
1	1	44.812417	5.620834
1	1	45.329838	5.358268
1	1	45.822261	5.090414
1	1	46.289200	4.817537
1	1	46.730196	4.539905
1	1	47.144812	4.257793
1	1	47.532639	3.971479
1	1	47.893295	3.681246
1	1	48.226423	3.387379
1	1	48.531695	3.090170
1	1	48.808811	2.789911
1	1	49.057495	2.486899
1	1	49.277503	2.181432
1	1	49.468618	1.873813
1	1	49.630650	1.564345
1	1	49.763441	1.253332
1	1	49.866859	0.941083
1	1	49.940802	0.627905
1	1	49.985197	0.314108
1	1	50.000000	-0.000000
1	1	49.985197	-0.314108
1	1	49.940802	-0.627905
1	1	49.866859	-0.941083
1	1	49.763441	-1.253332
1	1	49.630650	-1.564345
1	1	49.468618	-1.873813
1	1	49.277503	-2.181432
1	1	49.057495	-2.486899
1	1	48.808811	-2.789911
1	1	48.531695	-3.090170
1	1	48.226423	-3.387379
1	1	47.893295	-3.681246
1	1	47.532639	-3.971479
1	1	47.144812	-4.257793
1	1	46.730196	-4.539905
1	1	46.289200	-4.817537
1	1	45.822261	-5.090414
1	1	45.329838	-5.358268
1	1	44.812417	-5.620834
1	1	44.270510	-5.877853
1	1	43.704650	-6.129071
1	1	43.115397	-6.374240
1	1	42.503332	-6.613119
1	1	41.869059	-6.845471
1	1	41.213203	-7.071068
1	1	40.536413	-7.289686
1	1	39.839356	-7.501111
1	1	39.122720	-7.705132
1	1	38.387212	-7.901550
1	1	37.633558	-8.090170
1	1	36.862501	-8.270806
1	1	36.074804	-8.443279
1	1	35.271242	-8.607420
1	1	34.452610	-8.763067
1	1	33.619715	-8.910065
1	1	32.773379	-9.048271
1	1	31.914437	-9.177546
1	1	31.043737	-9.297765
1	1	30.162138	-9.408808
1	1	29.270510	-9.510565
1	1	28.369733	-9.602937
1	1	27.460697	-9.685832
1	1	26.544297	-9.759168
1	1	25.621439	-9.822873
1	1	24.693034	-9.876883
1	1	23.759997	-9.921147
1	1	22.823249	-9.955620
1	1	21.883716	-9.980267
1	1	20.942323	-9.995066
1	1	20.000000	-10.000000
1	1	19.057677	-9.995066
1	1	18.116284	-9.980267
1	1	17.176751	-9.955620
1	1	16.240003	-9.921147
1	1	15.306966	-9.876883
1	1	14.378561	-9.822873
1	1	13.455703	-9.759168
1	1	12.539303	-9.685832
1	1	11.630267	-9.602937
1	1	10.729490	-9.510565
1	1	9.837862	-9.408808
1	1	8.956263	-9.297765
1	1	8.085563	-9.177546
1	1	7.226621	-9.048271
1	1	6.380285	-8.910065
1	1	5.547390	-8.763067
1	1	4.728758	-8.607420
1	1	3.925196	-8.443279
1	1	3.137499	-8.270806
1	1	2.366442	-8.090170
1	1	1.612788	-7.901550
1	1	0.877280	-7.705132
1	1	0.160644	-7.501111
1	1	-0.536413	-7.289686
1	1	-1.213203	-7.071068
1	1	-1.869059	-6.845471
1	1	-2.503332	-6.613119
1	1	-3.115397	-6.374240
1	1	-3.704650	-6.129071
1	1	-4.270510	-5.877853
1	1	-4.812417	-5.620834
1	1	-5.329838	-5.358268
1	1	-5.822261	-5.090414
1	1	-6.289200	-4.817537
1	1	-6.730196	-4.539905
1	1	-7.144812	-4.257793
1	1	-7.532639	-3.971479
1	1	-7.893295	-3.681246
1	1	-8.226423	-3.387379
1	1	-8.531695	-3.090170
1	1	-8.808811	-2.789911
1	1	-9.057495	-2.486899
1	1	-9.277503	-2.181432
1	1	-9.468618	-1.873813
1	1	-9.630650	-1.564345
1	1	-9.763441	-1.253332
1	1	-9.866859	-0.941083
1	1	-9.940802	-0.627905
1	1	-9.985197	-0.314108
1	1	-10.000000	-0.000000
1	1	-9.985197	0.314108
1	1	-9.940802	0.627905
1	1	-9.866859	0.941083
1	1	-9.763441	1.253332
1	1	-9.630650	1.564345
1	1	-9.468618	1.873813
1	1	-9.277503	2.181432
1	1	-9.057495	2.486899
1	1	-8.808811	2.789911
1	1	-8.531695	3.090170
1	1	-8.226423	3.387379
1	1	-7.893295	3.681246
1	1	-7.532639	3.971479
1	1	-7.144812	4.257793
1	1	-6.730196	4.539905
1	1	-6.289200	4.817537
1	1	-5.822261	5.090414
1	1	-5.329838	5.358268
1	1	-4.812417	5.620834
1	1	-4.270510	5.877853
1	1	-3.704650	6.129071
1	1	-3.115397	6.374240
1	1	-2.503332	6.613119
1	1	-1.869059	6.845471
1	1	-1.213203	7.071068
1	1	-0.536413	7.289686
1	1	0.160644	7.501111
1	1	0.877280	7.705132
1	1	1.612788	7.901550
1	1	2.366442	8.090170
1	1	3.137499	8.270806
1	1	3.925196	8.443279
1	1	4.728758	8.607420
1	1	5.547390	8.763067
1	1	6.380285	8.910065
1	1	7.226621	9.048271
1	1	8.085563	9.177546
1	1	8.956263	9.297765
1	1	9.837862	9.408808
1	1	10.729490	9.510565
1	1	11.630267	9.602937
1	1	12.539303	9.685832
1	1	13.455703	9.759168
1	1	14.378561	9.822873
1	1	15.306966	9.876883
1	1	16.240003	9.921147
1	1	17.176751	9.955620
1	1	18.116284	9.980267
1	1	19.057677	9.995066
1	1	20.000000	10.000000