115.510881 42.314255
116.509920 42.358079
117.508960 42.401903
118.503261 42.384788
119.483522 42.187078
120.463782 41.989368
121.433969 41.760583
122.343797 41.345597
123.253624 40.930610
124.188976 40.581163
125.139827 40.271513
126.090677 39.961863
127.041528 39.652212
127.992378 39.342562
128.945731 39.213638
129.909823 39.479001
130.875520 39.738673
131.841217 39.998346
132.806914 40.258018
133.767494 40.535560
134.724290 40.826320
135.681086 41.117081
136.637882 41.407841
137.594678 41.698602
138.467474 42.181291
139.330249 42.686880
140.193023 43.192469
141.055798 43.698058
141.898290 44.235075
142.714416 44.812950
143.530541 45.390825
144.346666 45.968700
145.162791 46.546576
146.097130 46.902302
147.032345 47.256382
147.967560 47.610463
148.902775 47.964544
149.842458 48.306206
150.788814 48.629334
151.735169 48.952463
152.681524 49.275592
153.627879 49.598720
154.573948 49.922684
155.519933 50.246894
156.465918 50.571105
157.411903 50.895316
158.354684 51.227981
159.277986 51.612055
160.201289 51.996130
161.124591 52.380204
162.047893 52.764279
162.927438 53.233306
163.776252 53.761998
164.625066 54.290690
165.473879 54.819382
166.318197 55.354839
167.134322 55.932714
167.950448 56.510589
168.766573 57.088464
169.582698 57.666339
170.375295 58.275533
171.157587 58.898446
171.939878 59.521358
172.722170 60.144270
173.497121 60.775974
174.249597 61.434593
175.002074 62.093212
175.754551 62.751831
176.507027 63.410450
177.147058 64.174441
177.755463 64.968067
178.363868 65.761694
178.972273 66.555321
179.547200 67.367500
179.897645 68.304084
180.248090 69.240667
180.598534 70.177251
180.858913 71.142221
181.108839 72.110486
181.494281 73.024892
181.977197 73.900559
182.460113 74.776226
182.943029 75.651892
183.425945 76.527559
183.995363 77.346027
184.612029 78.133251
185.228696 78.920475
185.886721 79.673152
186.551894 80.419839
187.224057 81.160242
187.896220 81.900645
188.568383 82.641048
189.240546 83.381451
189.869097 84.157128
190.452602 84.969238
191.036107 85.781347
191.619612 86.593457
192.203117 87.405566
192.739226 88.249216
193.263022 89.101060
193.786818 89.952903
194.310615 90.804747
194.736904 91.708735
195.303087 92.531128
195.884916 93.344439
196.466745 94.157750
197.048574 94.971061
197.614309 95.794775
198.116946 96.659273
198.619583 97.523770
199.122220 98.388268
199.624857 99.252765
200.068779 100.143902
200.376856 101.095230
200.679912 102.048203
200.982968 103.001175
201.286024 103.954148
201.589080 104.907121
201.842956 105.873937
202.081499 106.845069
202.309712 107.818626
202.528294 108.794445
202.746876 109.770263
202.965458 110.746082
203.255066 111.702602
203.560363 112.654859
203.865659 113.607117
204.234418 114.534597
204.655108 115.441801
205.069550 116.351844
205.476112 117.265467
205.882674 118.179090
206.289237 119.092713
206.695799 120.006337
207.025166 120.941550
207.089411 121.933656
206.967071 122.926144
206.844730 123.918632
206.722389 124.911120
206.600049 125.903608
206.490327 126.897259
206.429246 127.895392
206.368165 128.893525
206.392396 129.891061
206.467438 130.888241
206.542480 131.885421
206.618925 132.882495
206.695954 133.879524
206.772982 134.876553
206.850011 135.873582
206.870529 136.872577
206.858461 137.872255
206.737016 138.864853
206.615571 139.857451
206.494126 140.850050
206.372682 141.842648
206.251237 142.835246
205.854082 143.752705
205.455114 144.669670
205.056146 145.586635
204.657178 146.503599
204.224319 147.404120
203.750972 148.284996
203.303612 149.179303
202.858828 150.074941
202.414044 150.970579
201.722296 151.690506
201.021975 152.404335
200.324196 153.120575
199.647861 153.857169
198.939923 154.561864
198.197034 155.231279
197.454146 155.900693
196.711257 156.570108
195.968368 157.239523
195.158649 157.825514
194.343256 158.404421
193.527862 158.983328
192.712469 159.562235
191.873153 160.097451
190.946165 160.472543
190.019178 160.847635
189.085530 161.197532
188.094279 161.329520
187.103027 161.461508
186.110480 161.582709
185.116173 161.689264
184.121866 161.795819
183.126899 161.891618
182.127025 161.907489
181.127151 161.923360
180.127277 161.939231
179.130962 161.903943
178.142919 161.749766
177.149354 161.638898
176.154233 161.540237
175.159112 161.441577
174.163991 161.342916
173.168870 161.244256
172.177029 161.304999
171.186810 161.444518
170.280192 161.851705
169.386592 162.300568
168.492991 162.749431
167.599391 163.198294
166.705790 163.647158
165.849822 164.163039
165.001401 164.692361
164.115798 165.155746
163.223830 165.607846
162.331863 166.059946
162.027161 166.977175
161.791362 167.948977
161.555563 168.920779
161.338777 169.895949
161.256658 170.883807
161.728189 171.765656
162.199720 172.647506
162.671251 173.529355
163.142782 174.411205
163.710717 175.230493
164.324022 176.020339
164.937327 176.810186
165.550632 177.600032
166.168664 178.385521
166.906041 179.061002
167.643418 179.736484
168.380795 180.411965
169.118172 181.087447
169.826953 181.791953
170.513336 182.519193
171.199718 183.246434
171.851332 184.004112
172.481240 184.780761
172.968961 185.653760
173.456682 186.526760
173.944403 187.399759
174.432124 188.272759
174.921894 189.144573
175.435466 190.002620
175.949038 190.860666
176.462609 191.718713
176.976181 192.576759
177.539403 193.398995
178.212139 194.138878
178.884874 194.878761
179.557610 195.618644
180.230345 196.358527
180.888819 197.111019
181.540642 197.869390
182.192464 198.627762
182.844287 199.386134
183.467878 200.161787
183.846788 201.087220
184.225699 202.012653
184.604609 202.938087
184.983520 203.863520
185.187748 204.838633
185.377960 205.820191
185.582029 206.799147
185.786097 207.778104
185.990165 208.757060
186.194233 209.736017
186.434713 210.705266
186.737177 211.658406
187.035319 212.612928
187.333462 213.567449
187.631604 214.521971
187.929746 215.476492
188.222306 216.432464
188.406537 217.413876
188.448628 218.412989
188.490718 219.412103
188.532808 220.411217
188.574898 221.410331
188.616988 222.409445
188.637390 223.409009
188.659610 224.408748
188.683003 225.408475
188.706397 226.408201
188.729790 227.407927
188.753184 228.407654
188.774306 229.407431
188.795386 230.407208
188.837081 231.406126
188.899373 232.404184
188.961665 233.402242
189.037612 234.399184
189.138206 235.394111
189.238800 236.389039
189.339394 237.383966
189.328583 238.379736
189.243037 239.376070
189.022974 240.348060
188.753909 241.311182
188.484843 242.274304
188.215777 243.237426
187.944321 244.199653
187.514896 245.102755
187.085470 246.005858
186.656045 246.908960
186.226620 247.812063
185.708172 248.660948
185.102827 249.456911
184.497482 250.252874
183.892137 251.048837
183.264978 251.812943
182.303987 252.089525
181.342996 252.366106
180.382006 252.642687
179.421015 252.919268
178.459685 253.193407
177.463020 253.220940
176.485826 253.433288
175.508632 253.645635
174.531437 253.857983
173.554243 254.070331
172.577049 254.282679
171.617938 254.550448
170.630020 254.705430
169.642103 254.860412
168.654186 255.015394
167.666268 255.170376
166.678351 255.325358
165.701763 255.336587
164.747884 255.037104
163.780332 254.784433
162.812779 254.531762
161.845227 254.279090
160.879109 254.021033
159.914003 253.759172
158.948898 253.497312
157.983792 253.235452
157.018686 252.973591
156.137638 252.509237
155.270805 252.010638
154.403972 251.512039
153.537140 251.013440
152.690086 250.483893
151.873523 249.906637
151.056959 249.329381
150.240396 248.752126
149.423832 248.174870
148.607578 247.597177
147.791339 247.019462
146.975101 246.441747
146.158862 245.864032
145.342682 245.286235
144.526556 244.708360
143.710431 244.130485
142.894306 243.552610
142.078201 242.974706
141.262384 242.396396
140.446567 241.818086
139.630750 241.239776
138.814933 240.661466
137.999198 240.083040
137.183513 239.504544
136.367827 238.926048
135.552142 238.347553
134.736403 237.769132
133.920425 237.191049
133.104447 236.612967
132.288469 236.034884
131.472491 235.456801
130.656404 234.878872
129.840279 234.300996
129.024153 233.723121
128.208028 233.145246
127.391820 232.567488
126.575417 231.990005
125.759015 231.412522
124.942612 230.835040
124.126209 230.257557
123.309668 229.680269
122.493104 229.103014
121.676540 228.525759
120.859976 227.948504
120.043628 227.370945
119.227584 226.792955
118.411540 226.214965
117.595496 225.636976
116.779451 225.058986
115.963756 224.480505
115.148070 223.902009
114.332384 223.323514
113.516699 222.745019
112.700884 222.166705
111.884955 221.588553
111.069026 221.010401
110.253097 220.432248
109.437151 219.854121
108.621026 219.276245
107.804901 218.698370
106.988776 218.120495
106.172650 217.542620
105.392416 216.918632
104.631868 216.269350
103.871321 215.620068
103.110773 214.970785
102.358898 214.312030
101.645132 213.611645
100.931366 212.911261
100.217601 212.210876
99.503835 211.510492
98.857556 210.749850
98.242181 209.961616
97.626805 209.173382
97.011430 208.385148
96.399396 207.594529
95.854085 206.756295
95.308773 205.918062
94.697401 205.128152
94.063686 204.354585
93.397192 203.611491
92.671845 202.923107
91.946499 202.234723
91.221153 201.546339
90.495806 200.857955
89.718379 200.229736
88.933150 199.610531
88.147921 198.991325
87.362692 198.372120
86.636666 197.691721
85.991842 196.927390
85.347017 196.163060
84.702193 195.398729
84.057368 194.634398
83.747784 193.698653
83.505687 192.728401
83.277928 191.755750
83.190929 190.759541
83.103930 189.763333
83.016931 188.767125
82.822948 187.794047
82.490638 186.850877
82.158329 185.907706
81.742509 185.001668
81.264817 184.123141
80.765666 183.257872
80.193722 182.437579
79.621779 181.617286
79.049835 180.796993
78.477892 179.976700
77.955565 179.125898
77.481671 178.245316
77.007777 177.364734
76.533884 176.484152
76.166435 175.562900
75.984420 174.581954
75.888725 173.586543
75.793031 172.591133
75.697337 171.595722
75.601643 170.600311
75.546314 169.602898
75.543010 168.602903
75.538690 167.602913
75.532429 166.602933
75.526168 165.602953
75.519907 164.602972
76.432943 164.238186
77.370495 163.890339
78.308046 163.542492
79.265609 163.263670
80.243829 163.056102
81.220997 163.002357
82.196285 163.223296
83.171573 163.444234
84.145036 163.672199
85.104640 163.953555
86.064243 164.234911
87.023847 164.516267
87.983450 164.797622
88.955827 165.019961
89.945892 165.160574
90.935956 165.301187
91.926021 165.441801
92.922896 165.441584
93.898989 165.514811
94.808268 165.930997
95.717548 166.347184
96.626827 166.763370
97.536106 167.179557
98.320824 167.784338
99.060535 168.457263
99.800247 169.130187
100.539958 169.803111
101.227654 170.519933
101.766664 171.362232
102.305674 172.204531
102.845862 173.046003
103.455156 173.838947
104.054849 174.639092
104.645399 175.446093
105.235948 176.253095
105.826497 177.060096
106.417047 177.867098
107.070344 178.623304
107.736681 179.368955
108.403018 180.114606
109.069355 180.860256
109.726298 181.613924
110.357910 182.389209
110.989522 183.164494
111.621134 183.939778
112.252746 184.715063
112.915053 185.463728
113.572824 186.216271
114.202009 186.993527
114.831194 187.770782
115.467016 188.541859
116.197316 189.224986
116.927617 189.908112
117.657917 190.591238
118.388217 191.274364
119.142917 191.929685
119.915130 192.565049
120.687342 193.200414
121.459555 193.835778
122.237405 194.463762
123.053530 195.041637
123.869655 195.619512
124.685781 196.197387
125.501906 196.775262
126.295603 197.383050
127.079047 198.004512
127.862491 198.625975
128.645934 199.247438
129.418199 199.881990
130.154579 200.558558
130.890959 201.235126
131.627339 201.911695
132.363719 202.588263
132.971699 203.376418
133.538986 204.199938
134.106274 205.023458
134.673561 205.846978
135.233474 206.674114
135.690790 207.558094
136.199318 208.419139
136.707846 209.280185
137.216374 210.141230
137.750197 210.982589
138.460030 211.686959
139.169863 212.391329
139.879696 213.095699
140.589529 213.800068
141.379943 214.404404
142.219315 214.947960
143.058688 215.491517
143.898061 216.035073
144.745979 216.563921
145.633879 217.023958
146.521779 217.483995
147.409679 217.944032
148.297579 218.404068
149.252566 218.665582
150.237513 218.838438
151.222460 219.011295
152.207407 219.184151
153.171415 219.137483
154.121188 218.831913
155.096077 218.609221
156.070965 218.386529
157.045854 218.163837
158.020743 217.941146
158.954518 217.600076
159.857567 217.170538
160.761134 216.742132
161.676632 216.339810
162.592130 215.937487
163.006653 215.286946
162.772152 214.314830
162.392909 213.396344
161.937373 212.506127
161.481837 211.615909
161.026301 210.725692
160.570766 209.835474
160.008933 209.013617
159.387910 208.229824
158.766887 207.446031
158.120645 206.685001
157.413705 205.979668
156.885506 205.130548
156.357306 204.281427
155.829107 203.432307
155.300908 202.583186
154.822731 201.710737
154.511703 200.760337
154.200674 199.809936
153.889646 198.859535
153.607796 197.901668
153.424084 196.918688
153.090419 195.988587
152.616896 195.107806
152.143373 194.227024
151.669850 193.346243
151.196327 192.465461
150.637961 191.640854
150.011995 190.861003
149.386029 190.081153
148.760062 189.301303
148.097337 188.552926
147.441569 187.797984
146.786773 187.042178
146.131977 186.286373
145.477181 185.530567
144.819347 184.777422
144.156466 184.028697
143.493586 183.279972
142.830705 182.531247
142.167824 181.782522
141.473540 181.063115
140.772053 180.350433
140.070566 179.637751
139.369079 178.925069
138.671068 178.209020
137.981145 177.485137
137.291222 176.761254
136.601299 176.037371
135.911376 175.313488
135.386209 174.469637
135.023078 173.541402
134.708067 172.592314
134.393056 171.643225
134.078045 170.694137
133.834294 169.728772
133.705981 168.737038
133.577668 167.745305
133.285694 166.792070
132.958431 165.847137
132.631168 164.902203
132.193760 164.011612
131.643022 163.176934
131.092283 162.342256
130.541545 161.507578
129.990807 160.672900
129.433867 159.842360
128.874584 159.013383
128.385363 158.144459
127.956819 157.240938
127.528275 156.337417
127.064897 155.451484
126.592288 154.570212
126.119679 153.688940
125.647069 152.807668
125.174460 151.926396
124.699429 151.046428
124.223890 150.166733
123.755616 149.283157
123.288790 148.398808
122.821964 147.514459
122.561483 146.553174
122.335381 145.579070
122.109280 144.604966
121.883178 143.630862
121.770692 142.664404
122.125263 141.729375
122.479833 140.794346
122.834404 139.859316
123.220462 138.937890
123.854325 138.189738
124.684757 137.632619
125.515190 137.075500
126.345622 136.518381
127.176055 135.961262
128.142054 135.734396
129.124411 135.547383
130.106768 135.360369
131.089126 135.173355
132.076771 135.189351
133.067533 135.324964
134.058295 135.460577
135.015909 135.730877
135.956441 136.070582
136.861605 136.493008
137.757008 136.938264
138.652412 137.383520
139.547815 137.828776
140.434353 138.290496
141.298966 138.792934
142.163579 139.295373
143.028192 139.797812
143.892805 140.300251
144.803102 140.711590
145.722898 141.103985
146.642695 141.496380
147.562492 141.888775
148.495867 142.241390
149.463623 142.493280
150.431379 142.745170
151.399135 142.997060
152.366890 143.248950
153.346946 143.433586
154.346943 143.431134
155.346940 143.428683
156.346937 143.426232
157.346934 143.423780
158.344073 143.395022
159.321275 143.182709
160.298477 142.970396
161.290220 142.842417
162.282096 142.715213
163.273973 142.588009
164.265849 142.460805
165.264790 142.424481
166.264409 142.396884
167.262648 142.354605
168.249888 142.195369
169.237129 142.036133
170.222929 141.871578
171.155672 141.511035
172.088415 141.150493
172.997255 140.741930
173.847237 140.215118
174.697219 139.688305
175.547201 139.161493
176.397182 138.634681
177.201271 138.045921
177.952838 137.386264
178.704405 136.726607
179.455972 136.066951
180.207539 135.407294
180.755601 134.576543
181.281717 133.726130
181.807832 132.875718
182.333948 132.025305
182.795630 131.141907
183.177880 130.217848
183.560131 129.293790
183.942381 128.369731
184.324631 127.445672
184.254684 126.460831
184.130008 125.468634
184.005332 124.476436
183.880656 123.484239
183.709154 122.503590
183.358160 121.567213
183.044872 120.618564
182.777531 119.654962
182.510190 118.691360
182.242850 117.727758
182.057126 116.747568
181.927105 115.756056
181.797084 114.764545
181.668837 113.772803
181.540871 112.781025
181.412905 111.789246
181.272310 110.801052
180.860109 109.889959
180.447909 108.978866
180.035708 108.067773
179.618193 107.159108
179.199442 106.251006
178.647167 105.418839
178.080802 104.594685
177.514436 103.770531
176.948071 102.946376
176.404382 102.109073
175.970440 101.208132
175.536498 100.307192
175.102556 99.406251
174.650860 98.514512
174.165468 97.640217
173.684204 96.763641
173.202940 95.887066
172.721676 95.010490
172.240412 94.133914
171.734097 93.273772
171.121724 92.483203
170.509351 91.692634
169.896978 90.902065
169.284605 90.111496
168.668429 89.323900
168.056504 88.533400
167.502999 87.700555
166.949493 86.867710
166.395987 86.034865
165.699745 85.322159
164.973574 84.634645
164.247403 83.947131
163.521232 83.259617
162.723440 82.687059
161.786248 82.338244
160.849056 81.989429
159.911864 81.640615
158.974673 81.291800
158.101609 80.811814
157.250727 80.286458
156.399844 79.761102
155.548962 79.235746
154.757593 78.641161
154.110488 77.878759
153.463384 77.116358
152.816279 76.353957
152.169175 75.591556
151.475874 74.872054
150.763369 74.170388
150.050863 73.468721
149.338358 72.767055
148.594126 72.107134
147.727291 71.608539
146.860456 71.109944
145.993621 70.611349
145.126786 70.112754
144.179525 69.819641
143.204545 69.597350
142.229565 69.375059
141.254584 69.152768
140.279277 68.932094
139.376404 69.333718
138.479237 69.775409
137.582070 70.217100
136.684903 70.658791
135.787735 71.100482
134.883173 71.526797
133.978042 71.951931
133.072912 72.377065
132.167781 72.802199
131.204872 73.051355
130.212244 73.098513
129.212933 73.061393
128.213622 73.024274
127.214311 72.987154
126.216690 72.928720
125.224012 72.807932
124.231333 72.687143
123.238655 72.566354
122.245977 72.445566
121.250836 72.511323
120.257738 72.394042
119.264639 72.276761
118.271540 72.159480
117.278441 72.042199
116.290664 71.911365
115.483047 71.321657
114.675430 70.731950
113.867813 70.142243
113.060196 69.552535
112.307902 68.897637
111.594680 68.196699
110.881457 67.495761
110.168235 66.794824
109.503743 66.069084
109.356787 65.079941
109.209830 64.090798
109.067230 63.101231
109.020636 62.102317
108.974042 61.103403
108.927448 60.104489
108.864001 59.106949
108.748179 58.113679
108.635406 57.120070
108.529803 56.125661
108.424201 55.131253
108.318599 54.136844
108.212996 53.142436
108.159572 52.145011
108.252681 51.155521
108.463644 50.178027
108.674607 49.200533
108.885570 48.223039
109.096533 47.245545
109.482282 46.333837
109.968185 45.459824
110.454088 44.585811
110.939991 43.711798
111.509736 42.957392
112.497063 42.798691
113.484390 42.639990
114.471716 42.481288