20 1 225 45
20 1 224 46
20 1 223 46
20 1 222 46
20 1 221 46
20 1 220 47
20 1 219 47
20 1 218 47
20 1 217 48
20 1 216 48
20 1 215 48
20 1 214 49
20 1 213 49
20 1 212 50
20 1 211 50
20 1 210 51
20 1 209 51
20 1 208 52
20 1 207 52
20 1 206 53
20 1 205 53
20 1 204 54
20 1 203 54
20 1 202 55
20 1 201 56
20 1 200 57
20 1 199 58
20 1 198 59
20 1 197 59
20 1 197 60
20 1 196 61
20 1 195 62
20 1 194 63
20 1 193 64
20 1 193 65
20 1 192 66
20 1 191 67
20 1 191 68
20 1 191 69
20 1 190 70
20 1 190 71
20 1 189 72
20 1 189 73
20 1 189 74
20 1 189 75
20 1 188 76
20 1 188 77
20 1 188 78
20 1 188 79
20 1 188 80
20 1 188 81
20 1 188 82
20 1 188 83
20 1 189 84
20 1 189 85
20 1 189 86
20 1 189 87
20 1 190 88
20 1 190 89
20 1 190 90
20 1 191 91
20 1 191 92
20 1 191 93
20 1 192 94
20 1 192 95
20 1 193 96
20 1 193 97
20 1 194 98
20 1 194 99
20 1 195 100
20 1 195 101
20 1 196 102
20 1 196 103
20 1 197 104
20 1 198 105
20 1 198 106
20 1 199 107
20 1 200 108
20 1 200 109
20 1 201 110
20 1 202 111
20 1 203 112
20 1 203 113
20 1 204 114
20 1 205 115
20 1 206 116
20 1 207 117
20 1 208 118
20 1 209 118
20 1 210 119
20 1 211 119
20 1 212 120
20 1 213 121
20 1 214 121
20 1 215 122
20 1 216 122
20 1 217 123
20 1 218 124
20 1 219 125
20 1 220 125
20 1 221 126
20 1 222 125
20 1 223 125
20 1 224 125
20 1 225 125
20 1 226 125
20 1 227 125
20 1 228 125
20 1 229 125
20 1 230 125
20 1 231 125
20 1 232 125
20 1 233 126
20 1 234 126
20 1 235 127
20 1 236 128
20 1 237 129
20 1 238 129
20 1 239 128
20 1 240 128
20 1 241 128
20 1 242 128
20 1 243 127
20 1 244 127
20 1 245 127
20 1 246 127
20 1 247 127
20 1 248 127
20 1 249 127
20 1 250 127
20 1 251 127
20 1 252 127
20 1 253 128
20 1 254 129
20 1 255 130
20 1 255 131
20 1 256 132
20 1 257 133
20 1 258 134
20 1 259 134
20 1 260 135
20 1 261 135
20 1 262 136
20 1 263 137
20 1 264 138
20 1 265 138
20 1 266 139
20 1 267 140
20 1 268 141
20 1 269 142
20 1 269 143
20 1 269 144
20 1 270 145
20 1 271 145
20 1 272 146
20 1 273 147
20 1 274 148
20 1 275 149
20 1 276 150
20 1 276 151
20 1 277 152
20 1 278 153
20 1 279 154
20 1 280 154
20 1 281 155
20 1 282 156
20 1 283 156
20 1 284 157
20 1 285 157
20 1 286 158
20 1 287 158
20 1 288 158
20 1 289 158
20 1 290 158
20 1 291 158
20 1 292 158
20 1 293 157
20 1 294 157
20 1 295 156
20 1 296 156
20 1 297 155
20 1 298 154
20 1 299 153
20 1 300 153
20 1 301 152
20 1 302 151
20 1 303 150
20 1 303 149
20 1 304 148
20 1 305 147
20 1 306 146
20 1 307 145
20 1 308 144
20 1 309 143
20 1 310 142
20 1 310 141
20 1 311 140
20 1 312 139
20 1 313 138
20 1 314 137
20 1 314 136
20 1 315 135
20 1 316 134
20 1 317 133
20 1 318 132
20 1 318 131
20 1 319 130
20 1 319 129
20 1 320 128
20 1 321 127
20 1 322 127
20 1 322 126
20 1 322 125
20 1 322 124
20 1 322 123
20 1 322 122
20 1 322 121
20 1 322 120
20 1 322 119
20 1 322 118
20 1 322 117
20 1 322 116
20 1 323 115
20 1 323 114
20 1 323 113
20 1 323 112
20 1 323 111
20 1 324 110
20 1 324 109
20 1 324 108
20 1 325 107
20 1 325 106
20 1 325 105
20 1 325 104
20 1 325 103
20 1 325 102
20 1 325 101
20 1 324 100
20 1 324 99
20 1 323 98
20 1 323 97
20 1 323 96
20 1 323 95
20 1 323 94
20 1 322 93
20 1 321 92
20 1 320 91
20 1 319 91
20 1 318 90
20 1 317 89
20 1 316 88
20 1 315 88
20 1 314 87
20 1 313 87
20 1 312 87
20 1 311 87
20 1 310 87
20 1 309 87
20 1 308 87
20 1 307 87
20 1 306 87
20 1 305 86
20 1 304 85
20 1 304 84
20 1 303 83
20 1 302 82
20 1 301 82
20 1 300 82
20 1 299 81
20 1 298 80
20 1 297 79
20 1 297 78
20 1 297 77
20 1 297 76
20 1 297 75
20 1 296 75
20 1 295 75
20 1 294 75
20 1 293 75
20 1 292 75
20 1 291 75
20 1 290 74
20 1 289 73
20 1 289 72
20 1 289 71
20 1 289 70
20 1 288 69
20 1 287 69
20 1 286 68
20 1 285 67
20 1 284 67
20 1 283 66
20 1 282 66
20 1 281 65
20 1 280 64
20 1 279 64
20 1 278 63
20 1 277 62
20 1 276 62
20 1 275 61
20 1 274 61
20 1 273 60
20 1 272 59
20 1 271 59
20 1 270 58
20 1 269 58
20 1 268 57
20 1 267 56
20 1 266 56
20 1 265 56
20 1 264 56
20 1 263 56
20 1 262 56
20 1 261 56
20 1 260 56
20 1 259 56
20 1 258 56
20 1 257 56
20 1 256 56
20 1 255 55
20 1 254 55
20 1 253 54
20 1 253 53
20 1 252 52
20 1 251 51
20 1 250 50
20 1 249 50
20 1 248 49
20 1 247 49
20 1 246 48
20 1 245 48
20 1 244 48
20 1 243 48
20 1 242 48
20 1 241 48
20 1 240 47
20 1 239 47
20 1 238 46
20 1 237 46
20 1 236 46
20 1 235 45
20 1 234 45
20 1 233 45
20 1 232 45
20 1 231 45
20 1 230 45
20 1 229 45
20 1 228 45
20 1 227 45
20 1 226 45
20 1 225 45
20 2 321 164
20 2 320 165
20 2 319 166
20 2 319 167
20 2 318 168
20 2 317 169
20 2 317 170
20 2 316 171
20 2 316 172
20 2 315 173
20 2 315 174
20 2 314 175
20 2 313 176
20 2 313 177
20 2 313 178
20 2 312 179
20 2 311 180
20 2 310 180
20 2 309 180
20 2 308 181
20 2 307 181
20 2 306 182
20 2 305 183
20 2 304 184
20 2 304 185
20 2 303 186
20 2 302 187
20 2 301 187
20 2 300 188
20 2 299 188
20 2 298 189
20 2 297 189
20 2 296 190
20 2 295 190
20 2 294 191
20 2 293 192
20 2 292 193
20 2 291 193
20 2 290 194
20 2 289 194
20 2 288 194
20 2 287 194
20 2 286 194
20 2 285 194
20 2 284 194
20 2 283 194
20 2 282 194
20 2 281 194
20 2 280 194
20 2 279 194
20 2 278 194
20 2 277 194
20 2 276 194
20 2 275 194
20 2 274 194
20 2 273 193
20 2 272 193
20 2 271 193
20 2 270 193
20 2 269 193
20 2 268 194
20 2 267 194
20 2 266 194
20 2 265 194
20 2 264 195
20 2 263 195
20 2 262 196
20 2 261 197
20 2 260 197
20 2 259 198
20 2 258 198
20 2 257 199
20 2 256 200
20 2 255 201
20 2 254 202
20 2 253 203
20 2 252 204
20 2 251 205
20 2 251 206
20 2 250 207
20 2 249 208
20 2 248 209
20 2 248 210
20 2 247 211
20 2 246 212
20 2 246 213
20 2 245 214
20 2 245 215
20 2 244 216
20 2 244 217
20 2 243 218
20 2 243 219
20 2 242 220
20 2 242 221
20 2 241 222
20 2 240 223
20 2 240 224
20 2 239 225
20 2 238 226
20 2 237 227
20 2 236 227
20 2 235 227
20 2 234 227
20 2 233 227
20 2 232 227
20 2 231 227
20 2 230 227
20 2 229 227
20 2 228 226
20 2 228 225
20 2 228 224
20 2 228 223
20 2 228 222
20 2 228 221
20 2 227 221
20 2 226 222
20 2 225 222
20 2 224 222
20 2 223 222
20 2 222 222
20 2 221 222
20 2 220 222
20 2 219 222
20 2 218 223
20 2 217 223
20 2 216 223
20 2 215 223
20 2 214 224
20 2 213 224
20 2 212 224
20 2 211 224
20 2 210 224
20 2 209 224
20 2 208 224
20 2 207 224
20 2 206 224
20 2 205 224
20 2 204 224
20 2 203 223
20 2 202 223
20 2 201 222
20 2 200 221
20 2 199 221
20 2 198 220
20 2 197 220
20 2 196 220
20 2 195 221
20 2 194 221
20 2 193 222
20 2 192 222
20 2 191 223
20 2 190 224
20 2 189 225
20 2 188 226
20 2 187 227
20 2 186 228
20 2 185 229
20 2 185 230
20 2 184 231
20 2 184 232
20 2 183 233
20 2 183 234
20 2 183 235
20 2 183 236
20 2 183 237
20 2 183 238
20 2 183 239
20 2 183 240
20 2 183 241
20 2 183 242
20 2 184 243
20 2 184 244
20 2 185 245
20 2 186 246
20 2 187 247
20 2 188 248
20 2 189 249
20 2 190 249
20 2 191 250
20 2 192 250
20 2 193 251
20 2 194 251
20 2 194 250
20 2 195 249
20 2 195 248
20 2 196 247
20 2 197 246
20 2 198 246
20 2 199 246
20 2 200 246
20 2 201 246
20 2 202 246
20 2 203 246
20 2 204 246
20 2 205 246
20 2 206 246
20 2 207 246
20 2 208 246
20 2 209 247
20 2 210 247
20 2 211 248
20 2 212 248
20 2 213 249
20 2 214 249
20 2 215 250
20 2 216 251
20 2 217 251
20 2 218 252
20 2 219 252
20 2 220 252
20 2 221 251
20 2 222 250
20 2 223 250
20 2 224 250
20 2 225 250
20 2 226 250
20 2 227 250
20 2 228 250
20 2 229 250
20 2 230 251
20 2 230 252
20 2 231 253
20 2 231 254
20 2 232 255
20 2 233 256
20 2 233 257
20 2 234 258
20 2 234 259
20 2 235 259
20 2 236 260
20 2 237 261
20 2 237 262
20 2 238 263
20 2 238 264
20 2 238 265
20 2 239 266
20 2 239 267
20 2 240 268
20 2 240 269
20 2 241 270
20 2 242 271
20 2 242 272
20 2 243 273
20 2 243 274
20 2 243 275
20 2 244 276
20 2 244 277
20 2 245 278
20 2 245 279
20 2 246 280
20 2 246 281
20 2 247 282
20 2 248 283
20 2 248 284
20 2 249 285
20 2 250 286
20 2 251 287
20 2 252 288
20 2 253 289
20 2 254 289
20 2 255 289
20 2 256 289
20 2 257 289
20 2 258 290
20 2 259 290
20 2 260 291
20 2 261 291
20 2 262 292
20 2 263 292
20 2 264 293
20 2 265 293
20 2 266 293
20 2 267 294
20 2 268 294
20 2 269 295
20 2 270 295
20 2 271 295
20 2 272 296
20 2 273 296
20 2 274 297
20 2 275 297
20 2 276 297
20 2 277 298
20 2 278 298
20 2 279 299
20 2 280 299
20 2 281 300
20 2 282 301
20 2 283 301
20 2 284 302
20 2 285 303
20 2 286 304
20 2 287 304
20 2 288 305
20 2 289 306
20 2 290 307
20 2 291 308
20 2 292 309
20 2 293 310
20 2 293 311
20 2 294 312
20 2 295 313
20 2 296 314
20 2 296 315
20 2 297 316
20 2 297 317
20 2 298 318
20 2 299 319
20 2 299 320
20 2 300 321
20 2 300 322
20 2 301 323
20 2 301 324
20 2 301 325
20 2 302 326
20 2 302 327
20 2 302 328
20 2 303 329
20 2 303 330
20 2 303 331
20 2 304 332
20 2 304 333
20 2 304 334
20 2 305 335
20 2 305 336
20 2 305 337
20 2 306 338
20 2 306 339
20 2 307 340
20 2 307 341
20 2 307 342
20 2 308 343
20 2 308 344
20 2 308 345
20 2 308 346
20 2 308 347
20 2 308 348
20 2 308 349
20 2 308 350
20 2 308 351
20 2 308 352
20 2 308 353
20 2 307 354
20 2 306 354
20 2 305 354
20 2 304 354
20 2 303 354
20 2 302 354
20 2 301 354
20 2 300 354
20 2 299 353
20 2 299 352
20 2 298 351
20 2 298 350
20 2 297 349
20 2 297 348
20 2 296 347
20 2 296 346
20 2 296 345
20 2 295 344
20 2 295 343
20 2 295 342
20 2 294 341
20 2 294 340
20 2 293 339
20 2 293 338
20 2 292 337
20 2 292 336
20 2 291 335
20 2 291 334
20 2 290 333
20 2 290 332
20 2 289 331
20 2 288 330
20 2 288 329
20 2 287 328
20 2 286 327
20 2 285 326
20 2 284 326
20 2 283 325
20 2 282 324
20 2 281 324
20 2 280 323
20 2 279 322
20 2 278 322
20 2 277 321
20 2 276 320
20 2 275 319
20 2 274 319
20 2 273 318
20 2 272 318
20 2 271 317
20 2 270 316
20 2 269 316
20 2 268 315
20 2 267 315
20 2 266 314
20 2 265 314
20 2 264 313
20 2 263 313
20 2 262 313
20 2 261 313
20 2 260 314
20 2 259 315
20 2 258 315
20 2 257 316
20 2 256 316
20 2 255 317
20 2 254 317
20 2 253 318
20 2 252 319
20 2 251 320
20 2 250 321
20 2 249 321
20 2 248 322
20 2 247 323
20 2 246 324
20 2 246 325
20 2 245 326
20 2 244 327
20 2 244 328
20 2 244 329
20 2 243 330
20 2 243 331
20 2 243 332
20 2 243 333
20 2 243 334
20 2 243 335
20 2 243 336
20 2 243 337
20 2 243 338
20 2 243 339
20 2 243 340
20 2 242 341
20 2 241 342
20 2 240 343
20 2 239 344
20 2 238 345
20 2 237 346
20 2 237 347
20 2 236 348
20 2 236 349
20 2 235 350
20 2 235 351
20 2 234 352
20 2 233 353
20 2 232 354
20 2 231 355
20 2 231 356
20 2 230 357
20 2 230 358
20 2 230 359
20 2 229 360
20 2 229 361
20 2 228 362
20 2 227 362
20 2 226 363
20 2 225 363
20 2 224 364
20 2 223 364
20 2 222 364
20 2 221 364
20 2 220 364
20 2 219 365
20 2 218 365
20 2 217 366
20 2 216 366
20 2 215 366
20 2 214 366
20 2 213 367
20 2 212 367
20 2 211 368
20 2 210 368
20 2 209 368
20 2 208 368
20 2 207 369
20 2 206 370
20 2 206 371
20 2 205 372
20 2 205 373
20 2 204 374
20 2 204 375
20 2 204 376
20 2 204 377
20 2 204 378
20 2 203 379
20 2 203 380
20 2 203 381
20 2 203 382
20 2 203 383
20 2 203 384
20 2 203 385
20 2 202 386
20 2 202 387
20 2 202 388
20 2 202 389
20 2 202 390
20 2 202 391
20 2 202 392
20 2 202 393
20 2 202 394
20 2 202 395
20 2 202 396
20 2 201 397
20 2 201 398
20 2 201 399
20 2 200 400
20 2 200 401
20 2 200 402
20 2 200 403
20 2 199 404
20 2 199 405
20 2 199 406
20 2 198 407
20 2 198 408
20 2 198 409
20 2 198 410
20 2 197 411
20 2 197 412
20 2 197 413
20 2 197 414
20 2 197 415
20 2 197 416
20 2 197 417
20 2 198 418
20 2 198 419
20 2 198 420
20 2 198 421
20 2 199 422
20 2 199 423
20 2 199 424
20 2 200 425
20 2 200 426
20 2 201 427
20 2 201 428
20 2 202 429
20 2 202 430
20 2 203 431
20 2 204 432
20 2 204 433
20 2 205 434
20 2 206 435
20 2 207 436
20 2 208 437
20 2 209 438
20 2 210 439
20 2 211 440
20 2 212 440
20 2 213 441
20 2 214 442
20 2 215 442
20 2 216 443
20 2 217 443
20 2 218 444
20 2 219 444
20 2 220 444
20 2 221 445
20 2 222 445
20 2 223 445
20 2 224 446
20 2 225 446
20 2 226 446
20 2 227 446
20 2 228 447
20 2 229 447
20 2 230 447
20 2 231 447
20 2 232 447
20 2 233 447
20 2 234 447
20 2 235 447
20 2 236 446
20 2 237 446
20 2 238 446
20 2 239 445
20 2 240 445
20 2 241 444
20 2 242 444
20 2 243 443
20 2 244 442
20 2 245 442
20 2 246 442
20 2 247 442
20 2 248 441
20 2 249 440
20 2 250 439
20 2 251 439
20 2 252 439
20 2 253 439
20 2 254 439
20 2 255 439
20 2 256 439
20 2 257 439
20 2 258 439
20 2 259 439
20 2 260 439
20 2 261 438
20 2 262 438
20 2 263 437
20 2 264 437
20 2 265 436
20 2 266 436
20 2 267 436
20 2 267 435
20 2 268 434
20 2 269 433
20 2 270 433
20 2 271 432
20 2 272 431
20 2 273 431
20 2 274 430
20 2 275 429
20 2 276 429
20 2 277 428
20 2 278 427
20 2 279 427
20 2 280 426
20 2 281 425
20 2 282 425
20 2 283 424
20 2 284 424
20 2 285 423
20 2 286 422
20 2 287 422
20 2 288 421
20 2 289 420
20 2 290 420
20 2 291 419
20 2 292 419
20 2 293 418
20 2 294 418
20 2 295 417
20 2 296 416
20 2 297 416
20 2 298 415
20 2 299 414
20 2 300 414
20 2 301 413
20 2 302 412
20 2 303 411
20 2 304 411
20 2 305 410
20 2 306 410
20 2 307 409
20 2 308 408
20 2 308 407
20 2 309 406
20 2 310 405
20 2 311 405
20 2 312 404
20 2 313 403
20 2 314 402
20 2 315 402
20 2 316 401
20 2 317 400
20 2 318 399
20 2 319 398
20 2 320 397
20 2 320 396
20 2 320 395
20 2 320 394
20 2 320 393
20 2 320 392
20 2 320 391
20 2 321 390
20 2 321 389
20 2 322 388
20 2 322 387
20 2 323 386
20 2 323 385
20 2 323 384
20 2 324 383
20 2 324 382
20 2 325 381
20 2 325 380
20 2 325 379
20 2 325 378
20 2 325 377
20 2 325 376
20 2 325 375
20 2 326 374
20 2 326 373
20 2 327 372
20 2 328 371
20 2 329 371
20 2 329 370
20 2 330 369
20 2 331 368
20 2 331 367
20 2 332 366
20 2 332 365
20 2 332 364
20 2 332 363
20 2 332 362
20 2 332 361
20 2 332 360
20 2 332 359
20 2 332 358
20 2 332 357
20 2 332 356
20 2 332 355
20 2 332 354
20 2 332 353
20 2 332 352
20 2 332 351
20 2 332 350
20 2 332 349
20 2 332 348
20 2 332 347
20 2 332 346
20 2 332 345
20 2 332 344
20 2 332 343
20 2 332 342
20 2 332 341
20 2 331 340
20 2 331 339
20 2 331 338
20 2 331 337
20 2 331 336
20 2 331 335
20 2 331 334
20 2 331 333
20 2 331 332
20 2 331 331
20 2 331 330
20 2 331 329
20 2 331 328
20 2 331 327
20 2 331 326
20 2 331 325
20 2 331 324
20 2 331 323
20 2 331 322
20 2 331 321
20 2 331 320
20 2 331 319
20 2 331 318
20 2 331 317
20 2 331 316
20 2 331 315
20 2 331 314
20 2 331 313
20 2 331 312
20 2 331 311
20 2 331 310
20 2 332 309
20 2 332 308
20 2 332 307
20 2 332 306
20 2 332 305
20 2 332 304
20 2 332 303
20 2 332 302
20 2 332 301
20 2 332 300
20 2 332 299
20 2 332 298
20 2 332 297
20 2 332 296
20 2 333 295
20 2 333 294
20 2 333 293
20 2 333 292
20 2 333 291
20 2 333 290
20 2 334 289
20 2 334 288
20 2 334 287
20 2 335 286
20 2 335 285
20 2 335 284
20 2 336 283
20 2 336 282
20 2 336 281
20 2 336 280
20 2 337 279
20 2 337 278
20 2 337 277
20 2 338 276
20 2 338 275
20 2 338 274
20 2 339 273
20 2 339 272
20 2 339 271
20 2 340 270
20 2 340 269
20 2 341 268
20 2 341 267
20 2 341 266
20 2 342 265
20 2 342 264
20 2 342 263
20 2 343 262
20 2 343 261
20 2 344 260
20 2 344 259
20 2 344 258
20 2 344 257
20 2 345 256
20 2 345 255
20 2 345 254
20 2 345 253
20 2 345 252
20 2 344 251
20 2 344 250
20 2 344 249
20 2 344 248
20 2 344 247
20 2 343 246
20 2 343 245
20 2 343 244
20 2 343 243
20 2 342 242
20 2 342 241
20 2 342 240
20 2 342 239
20 2 341 238
20 2 341 237
20 2 341 236
20 2 341 235
20 2 341 234
20 2 340 233
20 2 340 232
20 2 340 231
20 2 340 230
20 2 339 229
20 2 339 228
20 2 339 227
20 2 339 226
20 2 339 225
20 2 339 224
20 2 338 223
20 2 338 222
20 2 338 221
20 2 338 220
20 2 338 219
20 2 337 218
20 2 337 217
20 2 337 216
20 2 337 215
20 2 336 214
20 2 336 213
20 2 336 212
20 2 336 211
20 2 336 210
20 2 335 209
20 2 335 208
20 2 334 207
20 2 334 206
20 2 334 205
20 2 334 204
20 2 334 203
20 2 334 202
20 2 333 201
20 2 333 200
20 2 332 199
20 2 332 198
20 2 332 197
20 2 331 196
20 2 331 195
20 2 331 194
20 2 331 193
20 2 331 192
20 2 330 191
20 2 330 190
20 2 329 189
20 2 328 188
20 2 327 188
20 2 326 187
20 2 325 186
20 2 324 185
20 2 323 184
20 2 323 183
20 2 323 182
20 2 323 181
20 2 323 180
20 2 323 179
20 2 323 178
20 2 323 177
20 2 323 176
20 2 323 175
20 2 323 174
20 2 323 173
20 2 323 172
20 2 323 171
20 2 323 170
20 2 323 169
20 2 323 168
20 2 324 167
20 2 324 166
20 2 324 165
20 2 324 164
20 2 323 164
20 2 322 164
20 2 321 164
21 1 231 44
21 1 230 45
21 1 229 45
21 1 228 45
21 1 227 45
21 1 226 45
21 1 225 46
21 1 224 46
21 1 223 46
21 1 222 47
21 1 221 47
21 1 220 47
21 1 219 48
21 1 218 48
21 1 217 48
21 1 216 49
21 1 215 49
21 1 214 49
21 1 213 50
21 1 212 51
21 1 211 51
21 1 210 52
21 1 209 52
21 1 208 53
21 1 207 53
21 1 206 54
21 1 205 55
21 1 204 56
21 1 203 56
21 1 202 57
21 1 201 58
21 1 200 59
21 1 199 60
21 1 198 61
21 1 197 62
21 1 197 63
21 1 196 64
21 1 195 65
21 1 195 66
21 1 194 67
21 1 194 68
21 1 193 69
21 1 193 70
21 1 192 71
21 1 192 72
21 1 192 73
21 1 191 74
21 1 191 75
21 1 191 76
21 1 191 77
21 1 191 78
21 1 191 79
21 1 190 80
21 1 191 81
21 1 191 82
21 1 191 83
21 1 191 84
21 1 191 85
21 1 191 86
21 1 192 87
21 1 192 88
21 1 192 89
21 1 193 90
21 1 193 91
21 1 194 92
21 1 194 93
21 1 194 94
21 1 195 95
21 1 195 96
21 1 196 97
21 1 196 98
21 1 197 99
21 1 197 100
21 1 198 101
21 1 199 102
21 1 199 103
21 1 200 104
21 1 200 105
21 1 201 106
21 1 202 107
21 1 202 108
21 1 203 109
21 1 204 110
21 1 204 111
21 1 205 112
21 1 206 113
21 1 207 114
21 1 208 115
21 1 209 116
21 1 210 117
21 1 211 117
21 1 212 118
21 1 213 119
21 1 214 119
21 1 215 120
21 1 216 121
21 1 217 122
21 1 218 122
21 1 219 123
21 1 220 124
21 1 221 124
21 1 222 124
21 1 223 124
21 1 224 124
21 1 225 124
21 1 226 124
21 1 227 124
21 1 228 124
21 1 229 124
21 1 230 124
21 1 231 124
21 1 232 125
21 1 233 125
21 1 234 126
21 1 235 127
21 1 236 128
21 1 237 129
21 1 238 128
21 1 239 128
21 1 240 127
21 1 241 127
21 1 242 126
21 1 243 126
21 1 244 126
21 1 245 126
21 1 246 126
21 1 247 126
21 1 248 126
21 1 249 126
21 1 250 126
21 1 251 127
21 1 252 128
21 1 253 129
21 1 254 130
21 1 254 131
21 1 255 132
21 1 256 133
21 1 257 134
21 1 258 134
21 1 259 135
21 1 260 136
21 1 261 137
21 1 262 137
21 1 263 138
21 1 264 139
21 1 265 140
21 1 266 141
21 1 266 142
21 1 266 143
21 1 267 144
21 1 268 145
21 1 268 146
21 1 269 147
21 1 270 148
21 1 270 149
21 1 271 150
21 1 271 151
21 1 271 152
21 1 271 153
21 1 272 153
21 1 273 154
21 1 274 155
21 1 275 156
21 1 276 157
21 1 277 158
21 1 278 159
21 1 279 160
21 1 280 160
21 1 281 161
21 1 282 161
21 1 283 161
21 1 284 162
21 1 285 162
21 1 286 162
21 1 287 162
21 1 288 162
21 1 289 162
21 1 290 161
21 1 291 161
21 1 292 161
21 1 293 161
21 1 294 161
21 1 295 161
21 1 296 161
21 1 297 161
21 1 298 161
21 1 299 161
21 1 300 160
21 1 301 160
21 1 302 159
21 1 303 159
21 1 304 158
21 1 305 158
21 1 306 157
21 1 307 157
21 1 308 156
21 1 309 156
21 1 310 156
21 1 311 156
21 1 312 156
21 1 313 156
21 1 314 156
21 1 315 156
21 1 316 157
21 1 316 158
21 1 316 159
21 1 316 160
21 1 316 161
21 1 316 162
21 1 316 163
21 1 316 164
21 1 316 165
21 1 316 166
21 1 316 167
21 1 316 168
21 1 315 169
21 1 315 170
21 1 314 171
21 1 313 172
21 1 312 173
21 1 311 174
21 1 310 174
21 1 309 175
21 1 308 176
21 1 307 177
21 1 306 178
21 1 305 179
21 1 304 180
21 1 303 181
21 1 302 182
21 1 301 183
21 1 300 184
21 1 299 185
21 1 298 186
21 1 297 186
21 1 296 187
21 1 295 188
21 1 295 189
21 1 294 190
21 1 293 191
21 1 292 191
21 1 291 192
21 1 290 192
21 1 289 192
21 1 288 193
21 1 287 193
21 1 286 193
21 1 285 193
21 1 284 194
21 1 283 194
21 1 282 194
21 1 281 194
21 1 280 194
21 1 279 194
21 1 278 194
21 1 277 194
21 1 276 194
21 1 275 194
21 1 274 194
21 1 273 194
21 1 272 194
21 1 271 194
21 1 270 194
21 1 269 194
21 1 268 194
21 1 267 195
21 1 266 195
21 1 265 196
21 1 264 196
21 1 263 196
21 1 262 196
21 1 261 197
21 1 260 198
21 1 259 198
21 1 258 199
21 1 257 200
21 1 256 201
21 1 255 202
21 1 254 203
21 1 253 204
21 1 252 205
21 1 251 206
21 1 251 207
21 1 250 208
21 1 249 209
21 1 249 210
21 1 248 211
21 1 248 212
21 1 247 213
21 1 247 214
21 1 246 215
21 1 246 216
21 1 245 217
21 1 244 218
21 1 244 219
21 1 243 220
21 1 242 221
21 1 241 222
21 1 241 223
21 1 240 224
21 1 239 225
21 1 239 226
21 1 238 227
21 1 238 228
21 1 237 229
21 1 236 230
21 1 236 231
21 1 235 232
21 1 235 233
21 1 234 234
21 1 234 235
21 1 233 236
21 1 233 237
21 1 232 238
21 1 232 239
21 1 231 240
21 1 231 241
21 1 231 242
21 1 230 243
21 1 230 244
21 1 230 245
21 1 231 246
21 1 231 247
21 1 232 248
21 1 232 249
21 1 233 250
21 1 233 251
21 1 234 252
21 1 234 253
21 1 235 254
21 1 235 255
21 1 235 256
21 1 236 257
21 1 236 258
21 1 237 259
21 1 237 260
21 1 238 261
21 1 238 262
21 1 239 263
21 1 239 264
21 1 240 265
21 1 240 266
21 1 240 267
21 1 241 268
21 1 241 269
21 1 242 270
21 1 242 271
21 1 242 272
21 1 243 273
21 1 243 274
21 1 243 275
21 1 244 276
21 1 245 277
21 1 245 278
21 1 245 279
21 1 246 279
21 1 247 280
21 1 248 280
21 1 249 281
21 1 249 282
21 1 250 283
21 1 251 284
21 1 252 285
21 1 253 286
21 1 254 287
21 1 255 288
21 1 256 288
21 1 257 289
21 1 258 290
21 1 259 290
21 1 260 291
21 1 261 291
21 1 262 291
21 1 263 292
21 1 264 292
21 1 265 293
21 1 266 293
21 1 267 294
21 1 268 294
21 1 269 294
21 1 270 295
21 1 271 296
21 1 272 296
21 1 273 297
21 1 274 297
21 1 275 298
21 1 276 299
21 1 277 299
21 1 278 300
21 1 279 301
21 1 280 301
21 1 281 302
21 1 282 302
21 1 283 303
21 1 284 304
21 1 285 304
21 1 286 305
21 1 287 305
21 1 288 306
21 1 289 306
21 1 290 307
21 1 291 308
21 1 292 309
21 1 292 310
21 1 293 311
21 1 294 312
21 1 294 313
21 1 295 314
21 1 295 315
21 1 295 316
21 1 295 317
21 1 295 318
21 1 295 319
21 1 295 320
21 1 295 321
21 1 295 322
21 1 295 323
21 1 295 324
21 1 295 325
21 1 294 326
21 1 293 326
21 1 292 326
21 1 291 326
21 1 290 326
21 1 289 326
21 1 288 326
21 1 287 326
21 1 286 325
21 1 285 325
21 1 284 324
21 1 283 323
21 1 282 323
21 1 281 322
21 1 280 322
21 1 279 321
21 1 278 321
21 1 277 320
21 1 276 320
21 1 275 319
21 1 274 318
21 1 273 318
21 1 272 317
21 1 271 316
21 1 270 316
21 1 269 315
21 1 268 314
21 1 267 314
21 1 266 313
21 1 265 313
21 1 264 312
21 1 263 312
21 1 262 311
21 1 261 311
21 1 260 310
21 1 259 310
21 1 258 310
21 1 257 310
21 1 256 310
21 1 255 310
21 1 255 311
21 1 254 312
21 1 253 313
21 1 252 314
21 1 251 315
21 1 250 316
21 1 249 317
21 1 248 318
21 1 247 319
21 1 246 320
21 1 246 321
21 1 245 322
21 1 244 323
21 1 243 324
21 1 242 325
21 1 242 326
21 1 241 327
21 1 241 328
21 1 241 329
21 1 240 330
21 1 240 331
21 1 239 332
21 1 240 333
21 1 240 334
21 1 240 335
21 1 240 336
21 1 240 337
21 1 240 338
21 1 240 339
21 1 240 340
21 1 240 341
21 1 239 342
21 1 239 343
21 1 238 344
21 1 237 345
21 1 237 346
21 1 236 347
21 1 235 348
21 1 235 349
21 1 235 350
21 1 234 351
21 1 234 352
21 1 233 353
21 1 232 354
21 1 231 355
21 1 230 356
21 1 230 357
21 1 229 358
21 1 229 359
21 1 228 360
21 1 228 361
21 1 228 362
21 1 227 363
21 1 226 364
21 1 225 364
21 1 224 365
21 1 223 365
21 1 222 365
21 1 221 366
21 1 220 366
21 1 219 366
21 1 218 367
21 1 217 367
21 1 216 368
21 1 215 368
21 1 214 369
21 1 213 370
21 1 212 370
21 1 211 371
21 1 210 371
21 1 209 372
21 1 209 373
21 1 208 374
21 1 208 375
21 1 207 376
21 1 207 377
21 1 207 378
21 1 207 379
21 1 207 380
21 1 207 381
21 1 207 382
21 1 207 383
21 1 207 384
21 1 207 385
21 1 207 386
21 1 207 387
21 1 207 388
21 1 207 389
21 1 207 390
21 1 207 391
21 1 207 392
21 1 207 393
21 1 207 394
21 1 207 395
21 1 207 396
21 1 206 397
21 1 206 398
21 1 206 399
21 1 205 400
21 1 205 401
21 1 205 402
21 1 204 403
21 1 204 404
21 1 204 405
21 1 203 406
21 1 203 407
21 1 203 408
21 1 202 409
21 1 202 410
21 1 202 411
21 1 202 412
21 1 202 413
21 1 201 414
21 1 201 415
21 1 201 416
21 1 201 417
21 1 201 418
21 1 202 419
21 1 202 420
21 1 202 421
21 1 202 422
21 1 202 423
21 1 203 424
21 1 203 425
21 1 203 426
21 1 204 427
21 1 204 428
21 1 205 429
21 1 205 430
21 1 206 431
21 1 207 432
21 1 207 433
21 1 208 434
21 1 209 435
21 1 210 436
21 1 211 437
21 1 212 438
21 1 213 439
21 1 214 440
21 1 215 441
21 1 216 441
21 1 217 442
21 1 218 443
21 1 219 443
21 1 220 444
21 1 221 444
21 1 222 445
21 1 223 445
21 1 224 445
21 1 225 446
21 1 226 446
21 1 227 446
21 1 228 447
21 1 229 447
21 1 230 447
21 1 231 447
21 1 232 447
21 1 233 447
21 1 234 447
21 1 235 447
21 1 236 447
21 1 237 447
21 1 238 447
21 1 239 446
21 1 240 446
21 1 241 446
21 1 242 445
21 1 243 445
21 1 244 444
21 1 245 443
21 1 246 443
21 1 247 443
21 1 248 443
21 1 249 442
21 1 250 441
21 1 251 440
21 1 252 440
21 1 253 440
21 1 254 440
21 1 255 440
21 1 256 440
21 1 257 440
21 1 258 440
21 1 259 440
21 1 260 440
21 1 261 440
21 1 262 440
21 1 263 439
21 1 263 438
21 1 263 437
21 1 263 436
21 1 263 435
21 1 264 434
21 1 265 433
21 1 266 433
21 1 267 433
21 1 268 433
21 1 269 433
21 1 270 433
21 1 271 433
21 1 272 433
21 1 273 433
21 1 274 432
21 1 275 432
21 1 276 431
21 1 277 430
21 1 278 430
21 1 279 429
21 1 280 429
21 1 281 428
21 1 282 427
21 1 283 427
21 1 284 426
21 1 285 426
21 1 286 425
21 1 287 424
21 1 288 424
21 1 289 423
21 1 290 423
21 1 291 422
21 1 292 422
21 1 293 421
21 1 294 420
21 1 295 420
21 1 296 419
21 1 297 419
21 1 298 418
21 1 299 418
21 1 300 417
21 1 301 417
21 1 302 416
21 1 303 415
21 1 304 415
21 1 305 414
21 1 306 413
21 1 307 413
21 1 308 413
21 1 309 412
21 1 310 411
21 1 310 410
21 1 311 409
21 1 312 408
21 1 313 407
21 1 314 407
21 1 314 406
21 1 315 405
21 1 316 404
21 1 317 404
21 1 317 403
21 1 318 402
21 1 319 402
21 1 320 401
21 1 320 400
21 1 321 399
21 1 322 399
21 1 323 398
21 1 323 397
21 1 323 396
21 1 323 395
21 1 323 394
21 1 323 393
21 1 323 392
21 1 323 391
21 1 324 390
21 1 325 389
21 1 325 388
21 1 326 387
21 1 326 386
21 1 326 385
21 1 327 384
21 1 327 383
21 1 327 382
21 1 327 381
21 1 328 380
21 1 328 379
21 1 329 378
21 1 330 378
21 1 331 377
21 1 332 376
21 1 333 375
21 1 333 374
21 1 333 373
21 1 334 372
21 1 334 371
21 1 334 370
21 1 334 369
21 1 334 368
21 1 334 367
21 1 334 366
21 1 334 365
21 1 334 364
21 1 334 363
21 1 334 362
21 1 335 361
21 1 335 360
21 1 335 359
21 1 335 358
21 1 335 357
21 1 335 356
21 1 335 355
21 1 335 354
21 1 335 353
21 1 335 352
21 1 335 351
21 1 335 350
21 1 335 349
21 1 335 348
21 1 335 347
21 1 335 346
21 1 335 345
21 1 335 344
21 1 335 343
21 1 335 342
21 1 335 341
21 1 335 340
21 1 335 339
21 1 335 338
21 1 335 337
21 1 335 336
21 1 335 335
21 1 335 334
21 1 335 333
21 1 334 332
21 1 334 331
21 1 334 330
21 1 334 329
21 1 334 328
21 1 334 327
21 1 334 326
21 1 334 325
21 1 335 324
21 1 335 323
21 1 335 322
21 1 335 321
21 1 335 320
21 1 335 319
21 1 335 318
21 1 335 317
21 1 335 316
21 1 335 315
21 1 335 314
21 1 335 313
21 1 335 312
21 1 335 311
21 1 335 310
21 1 335 309
21 1 335 308
21 1 335 307
21 1 335 306
21 1 336 305
21 1 336 304
21 1 336 303
21 1 336 302
21 1 336 301
21 1 336 300
21 1 336 299
21 1 336 298
21 1 336 297
21 1 336 296
21 1 336 295
21 1 336 294
21 1 337 293
21 1 337 292
21 1 337 291
21 1 337 290
21 1 338 289
21 1 338 288
21 1 338 287
21 1 338 286
21 1 338 285
21 1 339 284
21 1 339 283
21 1 339 282
21 1 340 281
21 1 340 280
21 1 340 279
21 1 341 278
21 1 341 277
21 1 341 276
21 1 341 275
21 1 342 274
21 1 342 273
21 1 342 272
21 1 343 271
21 1 343 270
21 1 343 269
21 1 344 268
21 1 344 267
21 1 345 266
21 1 345 265
21 1 345 264
21 1 346 263
21 1 346 262
21 1 346 261
21 1 347 260
21 1 347 259
21 1 347 258
21 1 347 257
21 1 347 256
21 1 347 255
21 1 347 254
21 1 347 253
21 1 348 252
21 1 347 251
21 1 347 250
21 1 347 249
21 1 347 248
21 1 347 247
21 1 346 246
21 1 346 245
21 1 346 244
21 1 346 243
21 1 345 242
21 1 345 241
21 1 345 240
21 1 344 239
21 1 344 238
21 1 344 237
21 1 344 236
21 1 344 235
21 1 343 234
21 1 343 233
21 1 343 232
21 1 343 231
21 1 343 230
21 1 342 229
21 1 342 228
21 1 342 227
21 1 342 226
21 1 342 225
21 1 342 224
21 1 342 223
21 1 341 222
21 1 341 221
21 1 341 220
21 1 341 219
21 1 341 218
21 1 341 217
21 1 341 216
21 1 341 215
21 1 340 214
21 1 340 213
21 1 340 212
21 1 340 211
21 1 340 210
21 1 340 209
21 1 339 208
21 1 339 207
21 1 339 206
21 1 339 205
21 1 338 204
21 1 338 203
21 1 338 202
21 1 338 201
21 1 337 200
21 1 337 199
21 1 337 198
21 1 336 197
21 1 336 196
21 1 336 195
21 1 336 194
21 1 336 193
21 1 335 192
21 1 335 191
21 1 335 190
21 1 335 189
21 1 335 188
21 1 335 187
21 1 334 186
21 1 334 185
21 1 334 184
21 1 334 183
21 1 333 182
21 1 333 181
21 1 333 180
21 1 333 179
21 1 332 178
21 1 331 178
21 1 330 178
21 1 329 177
21 1 328 176
21 1 328 175
21 1 327 174
21 1 327 173
21 1 327 172
21 1 327 171
21 1 327 170
21 1 327 169
21 1 327 168
21 1 327 167
21 1 327 166
21 1 327 165
21 1 327 164
21 1 327 163
21 1 327 162
21 1 327 161
21 1 328 160
21 1 328 159
21 1 328 158
21 1 328 157
21 1 328 156
21 1 328 155
21 1 328 154
21 1 328 153
21 1 328 152
21 1 327 152
21 1 326 151
21 1 325 151
21 1 324 150
21 1 323 150
21 1 322 149
21 1 322 148
21 1 322 147
21 1 322 146
21 1 322 145
21 1 322 144
21 1 322 143
21 1 322 142
21 1 322 141
21 1 322 140
21 1 323 139
21 1 324 138
21 1 324 137
21 1 325 136
21 1 325 135
21 1 326 134
21 1 326 133
21 1 327 132
21 1 327 131
21 1 328 130
21 1 328 129
21 1 328 128
21 1 328 127
21 1 328 126
21 1 328 125
21 1 329 124
21 1 330 123
21 1 330 122
21 1 330 121
21 1 331 120
21 1 331 119
21 1 331 118
21 1 331 117
21 1 331 116
21 1 331 115
21 1 331 114
21 1 330 113
21 1 330 112
21 1 330 111
21 1 330 110
21 1 330 109
21 1 330 108
21 1 329 107
21 1 329 106
21 1 328 106
21 1 327 105
21 1 327 104
21 1 326 103
21 1 326 102
21 1 326 101
21 1 326 100
21 1 325 99
21 1 325 98
21 1 325 97
21 1 324 96
21 1 323 95
21 1 323 94
21 1 323 93
21 1 323 92
21 1 323 91
21 1 322 90
21 1 321 89
21 1 320 88
21 1 319 88
21 1 318 87
21 1 317 86
21 1 316 86
21 1 315 85
21 1 314 84
21 1 313 84
21 1 312 84
21 1 311 84
21 1 310 84
21 1 309 84
21 1 308 84
21 1 307 84
21 1 306 83
21 1 305 82
21 1 304 81
21 1 304 80
21 1 303 80
21 1 302 80
21 1 301 80
21 1 300 80
21 1 299 79
21 1 298 78
21 1 298 77
21 1 298 76
21 1 298 75
21 1 298 74
21 1 298 73
21 1 297 72
21 1 296 72
21 1 295 71
21 1 294 70
21 1 293 70
21 1 292 69
21 1 291 68
21 1 290 68
21 1 289 67
21 1 288 67
21 1 287 66
21 1 286 65
21 1 285 65
21 1 284 64
21 1 283 64
21 1 282 63
21 1 281 62
21 1 280 62
21 1 279 61
21 1 278 61
21 1 277 60
21 1 276 59
21 1 275 59
21 1 274 58
21 1 273 58
21 1 272 57
21 1 271 56
21 1 270 56
21 1 269 55
21 1 268 55
21 1 267 55
21 1 266 55
21 1 265 55
21 1 264 55
21 1 263 55
21 1 262 55
21 1 261 55
21 1 260 55
21 1 259 54
21 1 258 54
21 1 257 54
21 1 256 53
21 1 255 52
21 1 254 51
21 1 253 50
21 1 252 49
21 1 251 49
21 1 250 48
21 1 249 48
21 1 248 47
21 1 247 47
21 1 246 47
21 1 245 47
21 1 244 47
21 1 243 46
21 1 242 46
21 1 241 46
21 1 240 46
21 1 239 45
21 1 238 45
21 1 237 45
21 1 236 45
21 1 235 45
21 1 234 44
21 1 233 44
21 1 232 44
21 1 231 44