17 1 219 46
17 1 218 47
17 1 217 47
17 1 216 47
17 1 215 47
17 1 214 47
17 1 213 48
17 1 212 48
17 1 211 48
17 1 210 48
17 1 209 48
17 1 208 48
17 1 207 49
17 1 206 49
17 1 205 49
17 1 204 49
17 1 203 50
17 1 202 50
17 1 201 50
17 1 200 50
17 1 199 51
17 1 198 51
17 1 197 51
17 1 196 52
17 1 195 52
17 1 194 53
17 1 193 53
17 1 192 54
17 1 191 54
17 1 190 55
17 1 189 55
17 1 188 56
17 1 187 57
17 1 186 58
17 1 185 58
17 1 184 59
17 1 183 60
17 1 182 61
17 1 181 62
17 1 181 63
17 1 180 64
17 1 179 65
17 1 179 66
17 1 178 67
17 1 178 68
17 1 177 69
17 1 177 70
17 1 176 71
17 1 176 72
17 1 176 73
17 1 176 74
17 1 175 75
17 1 175 76
17 1 175 77
17 1 175 78
17 1 175 79
17 1 175 80
17 1 175 81
17 1 175 82
17 1 176 83
17 1 176 84
17 1 176 85
17 1 176 86
17 1 177 87
17 1 177 88
17 1 177 89
17 1 178 90
17 1 178 91
17 1 179 92
17 1 179 93
17 1 180 94
17 1 180 95
17 1 181 96
17 1 181 97
17 1 182 98
17 1 182 99
17 1 183 100
17 1 184 101
17 1 184 102
17 1 185 103
17 1 186 104
17 1 187 105
17 1 188 106
17 1 188 107
17 1 189 108
17 1 190 109
17 1 191 110
17 1 191 111
17 1 192 112
17 1 193 113
17 1 194 114
17 1 195 115
17 1 196 116
17 1 197 117
17 1 198 118
17 1 199 119
17 1 200 120
17 1 201 121
17 1 202 121
17 1 203 122
17 1 204 123
17 1 205 123
17 1 206 124
17 1 207 124
17 1 208 125
17 1 209 125
17 1 210 125
17 1 211 126
17 1 212 126
17 1 213 126
17 1 214 126
17 1 215 126
17 1 216 126
17 1 217 127
17 1 218 127
17 1 219 127
17 1 220 128
17 1 221 128
17 1 222 128
17 1 223 127
17 1 224 127
17 1 225 127
17 1 226 127
17 1 227 127
17 1 228 127
17 1 229 127
17 1 230 127
17 1 231 127
17 1 232 127
17 1 233 127
17 1 234 127
17 1 235 127
17 1 236 127
17 1 237 128
17 1 238 129
17 1 239 130
17 1 240 130
17 1 241 130
17 1 242 129
17 1 243 128
17 1 244 128
17 1 245 127
17 1 246 127
17 1 247 127
17 1 248 127
17 1 249 127
17 1 250 127
17 1 251 127
17 1 252 127
17 1 253 127
17 1 254 128
17 1 255 128
17 1 256 128
17 1 257 128
17 1 258 129
17 1 259 129
17 1 260 130
17 1 261 131
17 1 262 132
17 1 263 133
17 1 264 133
17 1 265 133
17 1 266 133
17 1 267 134
17 1 268 134
17 1 269 134
17 1 270 134
17 1 271 135
17 1 272 135
17 1 273 136
17 1 274 136
17 1 275 137
17 1 276 138
17 1 277 139
17 1 278 139
17 1 279 140
17 1 280 141
17 1 281 141
17 1 282 141
17 1 283 142
17 1 284 142
17 1 285 142
17 1 286 142
17 1 287 143
17 1 288 143
17 1 289 143
17 1 290 143
17 1 291 142
17 1 292 142
17 1 293 142
17 1 294 142
17 1 295 142
17 1 296 141
17 1 297 141
17 1 298 141
17 1 299 140
17 1 300 140
17 1 301 139
17 1 302 139
17 1 303 138
17 1 304 138
17 1 305 137
17 1 306 137
17 1 307 136
17 1 308 135
17 1 309 134
17 1 310 133
17 1 311 132
17 1 312 131
17 1 313 130
17 1 313 129
17 1 314 128
17 1 314 127
17 1 315 126
17 1 316 125
17 1 316 124
17 1 316 123
17 1 316 122
17 1 317 121
17 1 317 120
17 1 317 119
17 1 317 118
17 1 317 117
17 1 316 116
17 1 316 115
17 1 316 114
17 1 316 113
17 1 316 112
17 1 316 111
17 1 316 110
17 1 315 109
17 1 314 108
17 1 313 107
17 1 313 106
17 1 312 105
17 1 312 104
17 1 311 104
17 1 310 103
17 1 309 102
17 1 308 101
17 1 307 100
17 1 307 99
17 1 306 98
17 1 306 97
17 1 305 96
17 1 305 95
17 1 304 94
17 1 303 93
17 1 302 92
17 1 301 92
17 1 300 91
17 1 299 90
17 1 298 89
17 1 298 88
17 1 297 87
17 1 297 86
17 1 297 85
17 1 297 84
17 1 296 84
17 1 295 84
17 1 294 84
17 1 293 84
17 1 292 84
17 1 291 84
17 1 290 84
17 1 289 83
17 1 289 82
17 1 288 81
17 1 288 80
17 1 288 79
17 1 288 78
17 1 288 77
17 1 287 77
17 1 286 76
17 1 285 76
17 1 284 75
17 1 283 74
17 1 282 74
17 1 281 73
17 1 280 72
17 1 279 72
17 1 278 71
17 1 277 71
17 1 276 70
17 1 275 69
17 1 274 69
17 1 273 68
17 1 272 68
17 1 271 67
17 1 270 66
17 1 269 66
17 1 268 65
17 1 267 65
17 1 266 64
17 1 265 63
17 1 264 63
17 1 263 62
17 1 262 62
17 1 261 61
17 1 260 61
17 1 259 61
17 1 258 61
17 1 257 61
17 1 256 61
17 1 255 61
17 1 254 61
17 1 253 61
17 1 252 61
17 1 251 61
17 1 250 60
17 1 249 60
17 1 248 59
17 1 247 58
17 1 247 57
17 1 246 56
17 1 245 55
17 1 244 55
17 1 243 54
17 1 242 54
17 1 241 54
17 1 240 54
17 1 239 53
17 1 238 53
17 1 237 52
17 1 236 51
17 1 235 51
17 1 234 50
17 1 233 49
17 1 232 49
17 1 231 48
17 1 230 48
17 1 229 47
17 1 228 47
17 1 227 47
17 1 226 47
17 1 225 46
17 1 224 46
17 1 223 46
17 1 222 46
17 1 221 46
17 1 220 46
17 1 219 46
18 1 224 45
18 1 223 46
18 1 222 46
18 1 221 46
18 1 220 46
18 1 219 46
18 1 218 47
18 1 217 47
18 1 216 47
18 1 215 47
18 1 214 48
18 1 213 48
18 1 212 48
18 1 211 48
18 1 210 49
18 1 209 49
18 1 208 49
18 1 207 49
18 1 206 50
18 1 205 50
18 1 204 50
18 1 203 51
18 1 202 51
18 1 201 52
18 1 200 52
18 1 199 53
18 1 198 53
18 1 197 54
18 1 196 54
18 1 195 55
18 1 194 56
18 1 193 56
18 1 192 57
18 1 191 58
18 1 190 59
18 1 189 60
18 1 188 61
18 1 187 62
18 1 186 63
18 1 185 64
18 1 185 65
18 1 184 66
18 1 183 67
18 1 183 68
18 1 182 69
18 1 182 70
18 1 182 71
18 1 182 72
18 1 181 73
18 1 181 74
18 1 181 75
18 1 181 76
18 1 180 77
18 1 180 78
18 1 180 79
18 1 180 80
18 1 180 81
18 1 181 82
18 1 181 83
18 1 181 84
18 1 181 85
18 1 181 86
18 1 182 87
18 1 182 88
18 1 182 89
18 1 183 90
18 1 183 91
18 1 184 92
18 1 184 93
18 1 184 94
18 1 185 95
18 1 186 96
18 1 186 97
18 1 187 98
18 1 187 99
18 1 188 100
18 1 188 101
18 1 189 102
18 1 190 103
18 1 190 104
18 1 191 105
18 1 192 106
18 1 192 107
18 1 193 108
18 1 194 109
18 1 195 110
18 1 195 111
18 1 196 112
18 1 197 113
18 1 198 114
18 1 199 115
18 1 200 116
18 1 201 117
18 1 202 118
18 1 203 119
18 1 204 120
18 1 205 121
18 1 206 121
18 1 207 122
18 1 208 123
18 1 209 123
18 1 210 124
18 1 211 124
18 1 212 124
18 1 213 124
18 1 214 125
18 1 215 125
18 1 216 125
18 1 217 126
18 1 218 126
18 1 219 127
18 1 220 127
18 1 221 127
18 1 222 127
18 1 223 127
18 1 224 127
18 1 225 126
18 1 226 126
18 1 227 126
18 1 228 126
18 1 229 126
18 1 230 126
18 1 231 126
18 1 232 126
18 1 233 127
18 1 234 127
18 1 235 127
18 1 236 128
18 1 237 129
18 1 238 130
18 1 239 130
18 1 240 130
18 1 241 129
18 1 242 128
18 1 243 128
18 1 244 128
18 1 245 128
18 1 246 128
18 1 247 128
18 1 248 128
18 1 249 128
18 1 250 128
18 1 251 128
18 1 252 128
18 1 253 128
18 1 254 128
18 1 255 128
18 1 256 129
18 1 257 129
18 1 258 130
18 1 259 131
18 1 260 132
18 1 260 133
18 1 261 133
18 1 262 134
18 1 263 134
18 1 264 134
18 1 265 135
18 1 266 135
18 1 267 135
18 1 268 136
18 1 269 136
18 1 270 137
18 1 271 138
18 1 272 139
18 1 273 139
18 1 274 140
18 1 274 141
18 1 275 142
18 1 276 143
18 1 277 143
18 1 278 144
18 1 279 144
18 1 280 145
18 1 281 145
18 1 282 146
18 1 283 146
18 1 284 146
18 1 285 146
18 1 286 146
18 1 287 147
18 1 288 147
18 1 289 147
18 1 290 148
18 1 291 148
18 1 292 148
18 1 293 147
18 1 294 147
18 1 295 147
18 1 296 147
18 1 297 146
18 1 298 146
18 1 299 145
18 1 300 145
18 1 301 144
18 1 302 144
18 1 303 143
18 1 304 142
18 1 305 142
18 1 306 141
18 1 307 140
18 1 308 140
18 1 309 139
18 1 310 138
18 1 311 137
18 1 312 136
18 1 312 135
18 1 313 134
18 1 314 133
18 1 315 132
18 1 315 131
18 1 316 130
18 1 316 129
18 1 317 128
18 1 317 127
18 1 318 126
18 1 318 125
18 1 319 124
18 1 319 123
18 1 319 122
18 1 319 121
18 1 320 120
18 1 320 119
18 1 320 118
18 1 320 117
18 1 320 116
18 1 321 115
18 1 321 114
18 1 321 113
18 1 321 112
18 1 321 111
18 1 321 110
18 1 322 109
18 1 322 108
18 1 322 107
18 1 321 106
18 1 321 105
18 1 321 104
18 1 320 103
18 1 319 102
18 1 319 101
18 1 318 100
18 1 317 99
18 1 317 98
18 1 317 97
18 1 317 96
18 1 317 95
18 1 316 95
18 1 315 95
18 1 314 95
18 1 313 95
18 1 312 95
18 1 311 95
18 1 310 95
18 1 309 95
18 1 308 95
18 1 307 94
18 1 306 93
18 1 305 92
18 1 305 91
18 1 304 90
18 1 304 89
18 1 304 88
18 1 303 88
18 1 302 88
18 1 301 88
18 1 300 88
18 1 299 87
18 1 298 86
18 1 298 85
18 1 297 84
18 1 297 83
18 1 297 82
18 1 297 81
18 1 296 81
18 1 295 81
18 1 294 81
18 1 293 81
18 1 292 81
18 1 291 81
18 1 290 80
18 1 289 79
18 1 288 78
18 1 288 77
18 1 288 76
18 1 288 75
18 1 287 74
18 1 286 73
18 1 285 73
18 1 284 72
18 1 283 71
18 1 282 71
18 1 281 70
18 1 280 69
18 1 279 69
18 1 278 68
18 1 277 68
18 1 276 67
18 1 275 67
18 1 274 66
18 1 273 65
18 1 272 65
18 1 271 64
18 1 270 64
18 1 269 63
18 1 268 62
18 1 267 62
18 1 266 61
18 1 265 60
18 1 264 60
18 1 263 59
18 1 262 59
18 1 261 59
18 1 260 59
18 1 259 59
18 1 258 59
18 1 257 59
18 1 256 59
18 1 255 59
18 1 254 59
18 1 253 59
18 1 252 59
18 1 251 58
18 1 250 57
18 1 249 56
18 1 248 55
18 1 248 54
18 1 247 53
18 1 246 53
18 1 245 52
18 1 244 52
18 1 243 52
18 1 242 52
18 1 241 52
18 1 240 51
18 1 239 51
18 1 238 50
18 1 237 50
18 1 236 49
18 1 235 48
18 1 234 48
18 1 233 47
18 1 232 47
18 1 231 47
18 1 230 46
18 1 229 46
18 1 228 46
18 1 227 46
18 1 226 45
18 1 225 45
18 1 224 45