335 112 98
315 117 98
295 128 98
275 139 98
255 156 98
239 176 98
226 196 98
217 216 98
214 236 98
214 256 98
212 276 98
210 296 98
212 316 98
218 336 98
228 356 98
241 376 98
256 396 98
276 413 98
296 424 98
316 430 98
336 429 98
356 420 98
375 403 98
387 383 98
395 363 98
399 343 98
400 323 98
395 303 98
389 283 98
400 263 98
408 243 98
410 223 98
409 203 98
407 183 98
402 163 98
393 143 98
374 125 98
354 115 98
283 72 167
263 77 167
243 83 167
226 100 167
218 120 167
216 140 167
219 160 167
226 180 167
236 200 167
249 220 167
268 239 167
288 249 167
308 248 167
328 240 167
346 224 167
353 204 167
355 184 167
359 166 167
359 146 167
359 126 167
352 107 167
334 88 167
314 78 167
294 72 167
254 88 65
234 97 65
224 117 65
216 137 65
211 157 65
211 177 65
214 197 65
220 217 65
217 237 65
214 257 65
211 277 65
197 292 65
190 312 65
191 332 65
196 352 65
210 365 65
228 375 65
242 395 65
261 411 65
281 420 65
301 425 65
321 423 65
341 418 65
361 407 65
380 389 65
391 369 65
398 349 65
402 332 65
406 314 65
408 294 65
411 276 65
413 257 65
411 239 65
412 220 65
408 202 65
404 182 65
399 162 65
391 142 65
374 123 65
354 109 65
334 100 65
314 94 65
294 98 65
274 95 65
254 88 65
242 105 70
226 123 70
220 143 70
217 163 70
226 183 70
226 203 70
220 223 70
217 243 70
214 263 70
210 283 70
209 303 70
212 323 70
217 343 70
228 363 70
238 383 70
255 402 70
275 413 70
295 420 70
315 423 70
335 419 70
355 412 70
375 397 70
388 377 70
397 358 70
403 340 70
407 320 70
409 302 70
409 282 70
412 263 70
413 243 70
411 224 70
410 208 70
405 189 70
401 169 70
393 149 70
374 131 70
354 120 70
334 113 70
314 111 70
294 115 70
274 125 70
262 118 70
246 105 70
306 120 75
286 128 75
266 140 75
247 158 75
235 178 75
228 198 75
222 218 75
218 238 75
215 258 75
213 278 75
212 298 75
215 318 75
219 338 75
225 358 75
235 378 75
252 398 75
272 411 75
292 419 75
312 422 75
332 420 75
352 413 75
372 399 75
387 379 75
395 359 75
401 339 75
405 321 75
407 302 75
408 282 75
410 265 75
412 246 75
412 228 75
408 210 75
405 190 75
401 170 75
389 150 75
370 134 75
350 126 75
330 122 75
310 120 75
329 120 90
309 124 90
289 133 90
269 146 90
249 161 90
230 181 90
218 201 90
212 221 90
211 241 90
212 261 90
210 281 90
209 301 90
211 321 90
218 341 90
229 361 90
242 381 90
261 401 90
281 414 90
301 420 90
321 421 90
341 419 90
361 412 90
380 395 90
390 375 90
397 355 90
402 335 90
404 315 90
398 295 90
396 275 90
408 255 90
411 235 90
410 215 90
407 195 90
403 175 90
394 155 90
376 136 90
356 125 90
336 121 90
340 118 95
320 121 95
300 126 95
280 137 95
260 153 95
242 173 95
228 193 95
218 213 95
213 233 95
213 253 95
213 273 95
211 293 95
212 313 95
219 333 95
228 353 95
241 373 95
256 393 95
275 410 95
295 419 95
315 425 95
335 426 95
355 420 95
375 404 95
387 384 95
394 364 95
400 344 95
402 324 95
398 304 95
391 284 95
400 264 95
408 244 95
410 224 95
409 204 95
406 184 95
400 164 95
389 144 95
370 126 95
350 118 95
326 110 100
306 116 100
286 131 100
266 144 100
246 163 100
231 183 100
220 203 100
215 223 100
214 243 100
214 263 100
211 283 100
209 303 100
212 323 100
220 343 100
231 363 100
244 383 100
259 403 100
279 419 100
299 428 100
319 432 100
339 428 100
359 416 100
377 397 100
388 377 100
394 357 100
398 337 100
400 317 100
394 297 100
393 277 100
405 257 100
410 237 100
411 217 100
409 197 100
406 177 100
400 157 100
389 137 100
369 121 100
349 113 100
329 110 100
300 70 154
280 77 154
260 88 154
244 106 154
236 126 154
233 146 154
236 166 154
240 186 154
244 206 154
254 226 154
272 244 154
292 249 154
312 249 154
332 247 154
352 242 154
370 232 154
390 220 154
406 201 154
408 181 154
404 161 154
397 142 154
386 123 154
374 103 154
354 85 154
334 76 154
314 71 154
296 70 159
276 76 159
256 84 159
237 101 159
229 121 159
226 141 159
228 161 159
235 181 159
242 201 159
252 221 159
271 239 159
291 249 159
311 252 159
331 249 159
351 241 159
370 224 159
383 204 159
392 184 159
392 164 159
384 144 159
375 124 159
365 104 159
347 87 159
327 78 159
307 71 159
290 71 164
270 76 164
250 82 164
231 98 164
223 118 164
220 138 164
221 158 164
228 178 164
238 198 164
250 218 164
269 236 164
289 247 164
309 250 164
329 246 164
349 234 164
363 214 164
369 194 164
372 175 164
371 155 164
367 136 164
363 116 164
350 96 164
330 83 164
310 75 164
290 71 164
285 72 169
265 76 169
245 80 169
226 96 169
217 116 169
214 136 169
216 156 169
222 176 169
232 196 169
244 216 169
261 236 169
281 249 169
301 249 169
321 239 169
338 221 169
341 201 169
350 182 169
351 162 169
352 142 169
352 122 169
345 102 169
326 86 169
306 77 169
286 72 169
227 178 13
207 187 13
187 203 13
197 207 13
210 212 13
194 219 13
182 210 13
167 228 13
171 248 13
186 268 13
206 284 13
226 288 13
246 289 13
266 296 13
286 296 13
304 289 13
316 269 13
323 249 13
320 229 13
312 209 13
297 194 13
278 189 13
258 185 13
239 183 13
248 166 5
228 168 5
208 169 5
188 175 5
175 194 5
181 200 5
194 189 5
212 206 5
200 215 5
186 222 5
198 225 5
214 218 5
234 221 5
248 231 5
245 251 5
226 247 5
210 247 5
199 243 5
200 255 5
189 271 5
177 258 5
175 240 5
164 243 5
167 263 5
177 283 5
197 295 5
217 300 5
237 302 5
257 299 5
277 292 5
297 281 5
308 261 5
313 241 5
312 221 5
303 201 5
284 187 5
267 176 5
253 167 5
221 172 10
201 178 10
182 192 10
174 212 10
162 225 10
165 236 10
171 256 10
182 276 10
201 291 10
221 299 10
241 293 10
261 296 10
281 292 10
299 286 10
311 270 10
319 250 10
317 230 10
311 210 10
297 197 10
277 186 10
257 176 10
237 174 10
230 187 15
210 196 15
194 210 15
174 227 15
178 247 15
193 267 15
213 281 15
232 279 15
251 289 15
271 296 15
291 299 15
309 301 15
315 282 15
325 262 15
325 243 15
319 223 15
310 203 15
293 194 15
273 189 15
253 192 15
236 192 15
313 75 140
293 82 140
273 96 140
257 115 140
248 135 140
244 155 140
243 175 140
247 195 140
234 214 140
228 234 140
225 254 140
223 274 140
222 294 140
225 314 140
231 334 140
222 353 140
219 373 140
218 393 140
221 413 140
231 433 140
248 453 140
268 464 140
288 471 140
308 473 140
328 469 140
348 463 140
368 457 140
380 438 140
383 418 140
388 400 140
394 380 140
401 360 140
404 340 140
410 321 140
413 301 140
414 284 140
415 264 140
416 244 140
415 224 140
413 204 140
409 185 140
406 165 140
400 145 140
393 125 140
388 105 140
381 87 140
361 77 140
341 76 140
321 75 140
306 72 145
286 81 145
266 94 145
251 114 145
244 134 145
242 154 145
242 174 145
245 194 145
253 214 145
245 228 145
236 248 145
234 268 145
233 288 145
242 307 145
231 326 145
223 346 145
219 366 145
216 386 145
217 406 145
223 426 145
235 446 145
254 462 145
274 470 145
294 474 145
314 471 145
334 461 145
354 450 145
374 443 145
381 423 145
387 403 145
391 383 145
399 365 145
405 345 145
409 325 145
406 305 145
397 287 145
411 273 145
413 253 145
415 235 145
414 215 145
412 195 145
408 175 145
403 155 145
395 135 145
390 115 145
383 97 145
363 83 145
343 78 145
323 73 145
269 45 30
249 52 30
234 69 30
233 89 30
241 108 30
249 128 30
244 148 30
242 168 30
252 181 30
260 200 30
253 220 30
247 240 30
244 260 30
238 276 30
223 289 30
219 309 30
218 329 30
220 349 30
221 369 30
217 388 30
222 408 30
231 428 30
249 444 30
269 448 30
289 442 30
309 429 30
329 416 30
347 400 30
361 380 30
367 360 30
371 340 30
370 320 30
369 300 30
369 280 30
370 260 30
372 240 30
376 220 30
379 200 30
383 180 30
384 160 30
380 140 30
371 120 30
362 100 30
351 80 30
333 62 30
313 53 30
293 48 30
273 45 30
295 53 35
275 58 35
257 71 35
245 90 35
246 110 35
240 129 35
235 149 35
237 169 35
240 189 35
243 209 35
245 228 35
241 247 35
229 261 35
213 277 35
207 297 35
205 317 35
209 337 35
216 357 35
223 377 35
224 397 35
228 417 35
246 436 35
266 442 35
286 441 35
306 436 35
326 427 35
346 413 35
362 393 35
371 373 35
379 353 35
383 333 35
382 313 35
381 293 35
381 273 35
382 253 35
385 233 35
389 213 35
393 193 35
397 173 35
397 153 35
392 133 35
381 113 35
365 93 35
345 73 35
325 60 35
305 54 35
324 121 80
304 124 80
284 130 80
264 145 80
244 163 80
231 183 80
220 203 80
214 223 80
212 243 80
211 263 80
210 283 80
209 303 80
211 323 80
217 343 80
227 363 80
240 383 80
257 402 80
277 414 80
297 420 80
317 422 80
337 417 80
357 409 80
377 392 80
390 372 80
397 352 80
404 334 80
405 314 80
405 294 80
406 274 80
410 254 80
410 234 80
409 217 80
406 197 80
402 177 80
394 157 80
376 141 80
356 129 80
336 123 80
326 120 85
306 124 85
286 132 85
266 144 85
246 160 85
228 180 85
217 200 85
211 220 85
209 240 85
210 260 85
209 280 85
207 300 85
208 320 85
214 340 85
225 360 85
238 380 85
256 398 85
276 413 85
296 421 85
316 423 85
336 419 85
356 410 85
376 396 85
388 376 85
396 356 85
401 336 85
405 316 85
401 296 85
398 276 85
409 256 85
410 236 85
409 219 85
406 199 85
403 179 85
396 159 85
380 139 85
360 127 85
340 121 85
268 44 29
248 50 29
229 63 29
226 83 29
231 103 29
246 119 29
247 139 29
244 159 29
246 176 29
261 184 29
263 204 29
247 224 29
245 244 29
244 264 29
240 280 29
225 292 29
221 312 29
221 332 29
223 352 29
221 372 29
215 392 29
226 411 29
231 431 29
250 446 29
270 447 29
285 438 29
304 435 29
322 423 29
342 411 29
349 397 29
359 378 29
363 358 29
365 338 29
365 318 29
365 298 29
365 278 29
367 258 29
370 238 29
374 218 29
377 198 29
379 178 29
380 158 29
375 138 29
368 118 29
358 98 29
344 79 29
328 63 29
308 53 29
288 47 29
268 44 29
309 186 18
291 193 18
271 192 18
251 202 18
234 207 18
215 205 18
195 215 18
180 234 18
186 254 18
206 262 18
226 265 18
243 277 18
261 293 18
281 300 18
298 315 18
308 335 18
316 355 18
322 357 18
320 337 18
322 317 18
325 297 18
331 277 18
337 257 18
336 237 18
330 217 18
318 197 18
291 51 34
271 55 34
253 71 34
244 91 34
246 111 34
240 131 34
237 151 34
238 171 34
242 191 34
247 211 34
245 230 34
246 249 34
232 263 34
215 278 34
209 298 34
208 318 34
211 338 34
217 358 34
222 378 34
221 398 34
228 418 34
246 436 34
266 443 34
286 441 34
306 435 34
326 426 34
346 411 34
362 391 34
371 371 34
378 351 34
382 331 34
380 311 34
379 291 34
379 271 34
381 251 34
384 231 34
388 211 34
392 191 34
396 171 34
395 151 34
388 131 34
378 111 34
363 91 34
345 71 34
325 58 34
305 52 34
296 62 39
276 69 39
257 83 39
248 103 39
240 123 39
231 143 39
231 163 39
235 183 39
236 203 39
235 223 39
236 243 39
219 255 39
204 274 39
198 294 39
196 314 39
198 334 39
205 354 39
219 374 39
230 394 39
233 414 39
249 434 39
269 443 39
289 442 39
309 438 39
329 430 39
349 415 39
363 395 39
374 375 39
383 355 39
388 335 39
388 315 39
388 295 39
388 275 39
390 255 39
393 235 39
397 215 39
401 195 39
401 175 39
400 155 39
395 137 39
387 117 39
370 98 39
350 83 39
330 71 39
310 63 39
303 66 44
283 72 44
265 88 44
249 106 44
233 122 44
224 142 44
222 162 44
225 182 44
229 202 44
228 222 44
225 242 44
206 256 44
194 276 44
189 296 44
188 316 44
189 336 44
193 356 44
208 374 44
226 391 44
240 409 44
254 428 44
274 441 44
294 443 44
314 439 44
334 430 44
352 413 44
365 393 44
379 373 44
389 353 44
394 333 44
397 313 44
398 293 44
399 273 44
402 253 44
405 233 44
407 213 44
406 193 44
402 173 44
399 153 44
393 133 44
384 113 44
368 94 44
348 81 44
328 72 44
308 67 44
314 72 49
294 77 49
274 85 49
257 99 49
237 106 49
222 125 49
216 145 49
214 165 49
217 185 49
221 205 49
223 225 49
217 243 49
197 259 49
188 279 49
185 299 49
184 319 49
186 339 49
189 359 49
200 379 49
220 390 49
237 408 49
257 422 49
276 436 49
296 440 49
316 436 49
336 427 49
355 409 49
371 389 49
385 369 49
395 349 49
401 329 49
404 309 49
406 289 49
408 269 49
409 249 49
409 229 49
408 209 49
406 189 49
402 169 49
396 149 49
390 129 49
381 109 49
364 90 49
344 79 49
324 73 49
301 79 54
281 86 54
261 88 54
241 94 54
224 110 54
216 130 54
212 150 54
211 170 54
212 190 54
217 210 54
220 230 54
212 247 54
193 262 54
186 282 54
183 302 54
184 322 54
186 342 54
190 362 54
199 382 54
219 392 54
239 408 54
258 420 54
278 431 54
298 435 54
318 430 54
338 422 54
358 407 54
374 387 54
387 367 54
397 347 54
403 327 54
406 307 54
408 287 54
409 267 54
410 250 54
412 231 54
409 212 54
406 192 54
402 172 54
396 152 54
390 132 54
380 112 54
363 94 54
343 84 54
323 79 54
303 79 54
257 83 59
237 90 59
221 109 59
216 129 59
211 149 59
208 169 59
210 189 59
214 209 59
219 229 59
217 249 59
199 262 59
187 282 59
183 302 59
184 322 59
186 342 59
190 362 59
200 382 59
220 391 59
240 404 59
260 419 59
280 427 59
300 431 59
320 427 59
340 419 59
360 406 59
377 386 59
389 366 59
398 346 59
403 326 59
406 306 59
408 286 59
412 268 59
412 250 59
412 230 59
410 210 59
406 191 59
401 171 59
395 151 59
386 131 59
370 111 59
350 97 59
330 88 59
310 83 59
290 87 59
270 85 59
256 86 64
236 94 64
226 113 64
220 129 64
213 149 64
210 169 64
212 189 64
217 209 64
219 229 64
216 249 64
213 269 64
198 284 64
189 304 64
189 324 64
192 344 64
199 364 64
217 372 64
236 388 64
253 407 64
273 418 64
293 425 64
313 425 64
333 421 64
353 412 64
373 396 64
388 376 64
396 356 64
402 337 64
405 318 64
408 298 64
409 279 64
413 261 64
412 241 64
412 223 64
410 204 64
405 185 64
400 165 64
393 145 64
378 125 64
358 110 64
338 99 64
318 92 64
298 94 64
278 93 64
258 87 64
312 122 79
292 127 79
272 137 79
252 155 79
236 174 79
226 194 79
217 214 79
213 234 79
213 254 79
211 274 79
210 294 79
211 314 79
215 334 79
222 354 79
234 374 79
248 394 79
268 410 79
288 418 79
308 422 79
328 420 79
348 413 79
368 401 79
385 381 79
394 361 79
400 341 79
404 323 79
406 305 79
404 285 79
409 265 79
412 246 79
412 228 79
408 210 79
405 190 79
400 170 79
388 150 79
368 135 79
348 125 79
328 122 79
327 120 84
307 124 84
287 131 84
267 143 84
247 160 84
229 180 84
217 200 84
211 220 84
209 240 84
210 260 84
209 280 84
208 300 84
209 320 84
214 340 84
225 360 84
238 380 84
256 399 84
276 413 84
296 421 84
316 423 84
336 419 84
356 409 84
376 395 84
389 375 84
396 355 84
401 335 84
405 315 84
402 295 84
400 275 84
410 255 84
410 235 84
408 218 84
406 198 84
402 178 84
395 158 84
378 139 84
358 127 84
338 122 84
329 120 89
309 123 89
289 133 89
269 146 89
249 161 89
230 180 89
218 200 89
212 220 89
211 240 89
212 260 89
210 280 89
208 300 89
210 320 89
217 340 89
227 360 89
241 380 89
259 399 89
279 414 89
299 421 89
319 422 89
339 419 89
359 412 89
379 396 89
389 376 89
396 356 89
401 336 89
405 316 89
399 296 89
396 276 89
409 256 89
411 236 89
409 216 89
407 196 89
403 176 89
395 156 89
378 137 89
358 125 89
338 120 89
352 93 108
332 100 108
312 112 108
292 121 108
272 130 108
252 144 108
235 163 108
223 183 108
214 203 108
209 223 108
206 243 108
204 263 108
204 283 108
205 303 108
209 323 108
217 343 108
226 363 108
239 383 108
252 403 108
272 419 108
292 430 108
312 443 108
332 450 108
352 449 108
372 437 108
381 417 108
386 397 108
392 377 108
398 357 108
403 337 108
406 317 108
403 297 108
404 277 108
411 257 108
413 237 108
412 217 108
410 197 108
407 177 108
402 157 108
395 137 108
387 117 108
374 99 108
354 93 108
326 120 94
306 124 94
286 134 94
266 148 94
247 167 94
232 187 94
220 207 94
214 227 94
212 247 94
213 267 94
211 287 94
211 307 94
216 327 94
225 347 94
236 367 94
250 387 94
269 405 94
289 416 94
309 422 94
329 426 94
349 422 94
369 410 94
384 390 94
392 370 94
398 350 94
402 330 94
401 310 94
393 290 94
397 270 94
407 250 94
411 230 94
410 210 94
407 190 94
402 170 94
392 150 94
375 131 94
355 121 94
335 120 94
332 111 99
312 116 99
292 128 99
272 140 99
252 158 99
236 178 99
224 198 99
217 218 99
214 238 99
214 258 99
212 278 99
209 298 99
211 318 99
218 338 99
228 358 99
242 378 99
256 398 99
276 415 99
296 425 99
316 431 99
336 429 99
356 420 99
375 402 99
387 382 99
394 362 99
398 342 99
400 322 99
396 302 99
390 282 99
401 262 99
409 242 99
410 222 99
410 202 99
407 182 99
402 162 99
393 142 99
374 124 99
354 115 99
334 111 99
297 70 158
277 76 158
257 85 158
239 102 158
230 122 158
227 142 158
230 162 158
236 182 158
242 202 158
253 222 158
271 241 158
291 250 158
311 252 158
331 249 158
351 242 158
370 225 158
387 206 158
398 186 158
396 166 158
388 146 158
378 126 158
368 106 158
351 88 158
331 78 158
311 72 158
289 71 163
269 77 163
249 84 163
231 100 163
223 120 163
221 140 163
223 160 163
230 180 163
239 200 163
252 220 163
271 238 163
291 247 163
311 251 163
331 246 163
351 234 163
366 214 163
374 194 163
377 176 163
374 156 163
370 137 163
365 117 163
353 97 163
333 84 163
313 75 163
293 71 163
283 72 168
263 76 168
243 82 168
225 99 168
218 119 168
215 139 168
218 159 168
224 179 168
235 199 168
247 219 168
265 238 168
285 249 168
305 248 168
325 240 168
343 223 168
348 203 168
352 183 168
355 164 168
355 144 168
355 124 168
348 104 168
330 87 168
310 77 168
290 72 168
243 166 4
223 168 4
203 168 4
183 180 4
173 200 4
179 214 4
187 221 4
207 225 4
223 217 4
239 220 4
247 236 4
240 254 4
221 250 4
205 242 4
191 233 4
175 237 4
193 246 4
210 252 4
199 266 4
179 271 4
170 253 4
168 269 4
182 288 4
202 297 4
222 302 4
242 304 4
260 298 4
280 290 4
300 278 4
310 258 4
313 238 4
312 218 4
302 198 4
282 186 4
265 174 4
250 166 4
216 171 9
196 177 9
179 193 9
172 213 9
163 226 9
164 234 9
169 250 9
174 270 9
192 288 9
212 298 9
232 297 9
252 296 9
272 295 9
292 289 9
306 275 9
314 255 9
317 235 9
312 215 9
301 198 9
281 187 9
261 175 9
241 173 9
221 171 9
227 183 14
207 193 14
188 208 14
170 225 14
175 245 14
189 265 14
206 280 14
225 283 14
245 287 14
265 295 14
285 297 14
303 291 14
315 273 14
323 253 14
322 233 14
314 213 14
301 194 14
281 192 14
261 186 14
242 188 14
245 43 24
225 49 24
208 66 24
205 86 24
213 106 24
230 119 24
250 126 24
258 146 24
268 165 24
284 174 24
301 176 24
286 192 24
267 198 24
248 213 24
241 233 24
238 253 24
244 273 24
260 292 24
267 308 24
247 301 24
236 314 24
230 334 24
229 354 24
217 373 24
216 393 24
211 413 24
215 433 24
234 446 24
254 446 24
274 440 24
294 427 24
314 416 24
333 397 24
340 377 24
342 357 24
343 337 24
344 317 24
346 297 24
349 277 24
353 257 24
353 237 24
352 217 24
351 197 24
349 177 24
349 157 24
348 137 24
347 117 24
339 100 24
325 83 24
305 73 24
290 61 24
273 53 24
253 44 24
248 100 69
230 113 69
221 133 69
216 153 69
215 173 69
225 193 69
223 213 69
218 233 69
215 253 69
212 273 69
209 293 69
210 313 69
213 333 69
221 353 69
232 373 69
244 393 69
264 408 69
284 417 69
304 422 69
324 421 69
344 416 69
364 406 69
382 388 69
392 368 69
400 349 69
405 331 69
408 313 69
408 296 69
409 279 69
412 261 69
412 241 69
412 223 69
410 204 69
405 186 69
400 166 69
391 146 69
373 128 69
353 117 69
333 111 69
313 109 69
293 113 69
273 119 69
258 104 69
348 84 113
328 90 113
308 101 113
288 112 113
268 126 113
253 146 113
240 166 113
229 185 113
220 205 113
214 225 113
210 245 113
209 265 113
210 285 113
211 305 113
217 325 113
222 345 113
227 365 113
233 385 113
240 405 113
256 424 113
276 438 113
296 449 113
316 456 113
336 459 113
356 455 113
375 441 113
381 421 113
385 401 113
391 381 113
398 361 113
404 341 113
408 321 113
410 301 113
411 281 113
413 261 113
414 244 113
413 224 113
411 204 113
408 184 113
404 164 113
398 144 113
390 124 113
383 104 113
367 87 113
312 118 74
292 125 74
272 133 74
252 151 74
239 171 74
230 191 74
224 211 74
220 231 74
216 251 74
214 271 74
212 291 74
213 311 74
216 331 74
223 351 74
231 371 74
246 391 74
266 408 74
286 417 74
306 421 74
326 421 74
346 416 74
366 404 74
384 385 74
393 365 74
400 346 74
404 328 74
408 309 74
408 289 74
412 271 74
413 253 74
410 234 74
409 217 74
406 197 74
403 177 74
395 157 74
378 138 74
358 128 74
338 122 74
318 119 74
318 179 19
299 189 19
280 193 19
260 196 19
244 212 19
228 214 19
208 213 19
188 223 19
180 242 19
196 257 19
216 258 19
235 263 19
248 282 19
266 295 19
286 303 19
301 323 19
309 343 19
315 363 19
321 381 19
326 362 19
328 343 19
327 323 19
327 303 19
333 283 19
339 263 19
339 243 19
335 223 19
329 203 19
320 185 19
350 80 117
330 85 117
310 94 117
290 106 117
270 118 117
252 135 117
240 155 117
232 175 117
225 195 117
220 215 117
216 235 117
214 255 117
212 275 117
211 295 117
213 315 117
216 335 117
221 355 117
224 375 117
228 395 117
240 415 117
260 433 117
280 447 117
300 456 117
320 461 117
340 463 117
360 458 117
377 441 117
381 421 117
385 401 117
391 381 117
398 361 117
404 341 117
409 321 117
413 305 117
415 285 117
417 265 117
417 245 117
416 225 117
412 207 117
409 187 117
405 167 117
399 147 117
391 127 117
385 107 117
374 88 117
354 80 117
350 73 122
330 78 122
310 87 122
290 101 122
270 117 122
250 133 122
238 153 122
231 173 122
224 193 122
220 213 122
216 233 122
215 253 122
213 273 122
211 293 122
212 313 122
216 333 122
219 353 122
217 373 122
222 393 122
237 413 122
254 433 122
273 449 122
293 459 122
313 464 122
333 467 122
353 464 122
373 452 122
379 432 122
382 412 122
388 392 122
395 372 122
402 352 122
409 336 122
413 316 122
415 296 122
418 276 122
420 256 122
418 236 122
415 216 122
411 198 122
407 178 122
403 158 122
396 138 122
388 118 122
382 98 122
369 78 122
351 70 127
331 76 127
311 83 127
291 97 127
271 116 127
253 134 127
239 154 127
232 174 127
227 194 127
222 214 127
219 234 127
218 254 127
216 274 127
214 294 127
215 314 127
218 334 127
218 354 127
218 374 127
225 394 127
234 414 127
246 434 127
266 451 127
286 461 127
306 467 127
326 471 127
346 469 127
366 458 127
378 439 127
380 419 127
385 399 127
392 379 127
399 359 127
407 341 127
413 321 127
417 301 127
418 285 127
420 265 127
418 245 127
416 225 127
413 205 127
411 185 127
407 165 127
401 145 127
394 125 127
389 107 127
384 87 127
367 72 127
357 70 132
337 74 132
317 80 132
297 89 132
278 106 132
263 126 132
248 146 132
239 166 132
232 186 132
227 206 132
223 226 132
220 246 132
219 266 132
217 286 132
217 306 132
219 326 132
219 346 132
222 366 132
223 386 132
228 406 132
235 426 132
251 446 132
271 458 132
291 466 132
311 471 132
331 472 132
351 470 132
370 458 132
377 438 132
380 418 132
386 398 132
392 378 132
401 360 132
407 340 132
411 320 132
415 300 132
417 283 132
418 263 132
416 243 132
415 223 132
413 203 132
410 183 132
406 163 132
398 145 132
394 125 132
388 105 132
383 85 132
366 72 132
350 74 137
330 77 137
310 79 137
290 87 137
270 104 137
256 124 137
248 144 137
244 164 137
241 184 137
232 204 137
227 224 137
223 244 137
221 264 137
220 284 137
220 304 137
222 324 137
227 344 137
221 364 137
220 384 137
221 404 137
228 424 137
242 444 137
262 458 137
282 467 137
302 472 137
322 471 137
342 468 137
362 464 137
378 447 137
381 427 137
385 409 137
391 389 137
398 369 137
404 349 137
409 329 137
412 309 137
411 290 137
415 272 137
416 252 137
415 232 137
414 212 137
411 192 137
406 174 137
403 154 137
396 134 137
390 114 137
385 94 137
373 78 137
353 74 137
308 74 142
288 82 142
268 97 142
253 117 142
246 137 142
243 157 142
243 177 142
248 197 142
238 217 142
231 237 142
227 257 142
225 277 142
225 297 142
234 316 142
227 335 142
221 355 142
218 375 142
217 395 142
221 415 142
230 435 142
247 454 142
267 466 142
287 471 142
307 473 142
327 468 142
347 460 142
367 455 142
379 437 142
383 417 142
387 397 142
394 379 142
401 359 142
407 339 142
410 319 142
409 300 142
413 281 142
415 262 142
415 242 142
415 224 142
413 204 142
410 184 142
406 164 142
399 144 142
393 124 142
387 104 142
377 86 142
357 79 142
337 77 142
317 74 142
306 71 147
286 79 147
266 91 147
250 111 147
243 131 147
241 151 147
241 171 147
244 191 147
250 211 147
262 230 147
248 240 147
244 260 147
240 280 147
249 299 147
236 317 147
225 337 147
220 357 147
217 377 147
215 397 147
217 417 147
227 437 147
243 456 147
263 468 147
283 473 147
303 473 147
323 466 147
343 451 147
363 442 147
379 429 147
385 409 147
390 389 147
394 369 147
401 349 147
405 329 147
402 309 147
384 296 147
364 295 147
358 283 147
378 284 147
398 283 147
410 265 147
413 245 147
412 225 147
413 206 147
410 186 147
406 166 147
399 146 147
393 126 147
388 106 147
371 89 147
351 80 147
331 74 147
311 71 147
304 70 152
284 77 152
264 88 152
247 106 152
239 126 152
236 146 152
238 166 152
241 186 152
245 206 152
254 226 152
272 242 152
292 247 152
312 248 152
313 263 152
296 261 152
308 271 152
328 269 152
347 264 152
367 269 152
387 264 152
395 245 152
403 225 152
410 205 152
410 186 152
406 166 152
399 146 152
393 126 152
381 108 152
363 89 152
343 78 152
323 73 152
350 70 128
330 76 128
310 84 128
290 97 128
271 117 128
253 136 128
239 156 128
232 176 128
227 196 128
223 216 128
220 236 128
219 256 128
216 276 128
214 296 128
216 316 128
218 336 128
218 356 128
220 376 128
225 396 128
235 416 128
247 436 128
266 452 128
286 462 128
306 468 128
326 471 128
346 470 128
366 459 128
378 440 128
380 420 128
385 400 128
392 380 128
399 360 128
406 342 128
412 323 128
416 303 128
418 286 128
420 266 128
418 246 128
416 226 128
413 206 128
411 186 128
407 166 128
401 146 128
394 126 128
389 106 128
383 86 128
367 72 128
317 110 102
297 117 102
277 130 102
257 148 102
238 166 102
225 186 102
216 206 102
211 226 102
214 246 102
213 266 102
208 286 102
208 306 102
212 326 102
220 346 102
231 366 102
244 386 102
259 406 102
278 421 102
298 428 102
318 429 102
338 421 102
358 409 102
377 393 102
388 373 102
394 353 102
397 333 102
400 313 102
394 293 102
398 273 102
407 253 102
409 233 102
410 213 102
408 193 102
404 173 102
396 153 102
382 133 102
362 120 102
342 112 102
322 110 102
350 85 112
330 90 112
310 102 112
290 113 112
271 127 112
254 147 112
238 167 112
225 187 112
216 207 112
211 227 112
208 247 112
206 267 112
207 287 112
209 307 112
215 327 112
223 347 112
229 367 112
236 387 112
244 407 112
261 425 112
281 438 112
301 449 112
321 456 112
341 458 112
361 452 112
377 435 112
382 415 112
387 395 112
393 375 112
400 355 112
405 335 112
408 315 112
409 295 112
411 275 112
413 255 112
413 235 112
412 215 112
410 195 112
407 175 112
402 155 112
394 135 112
387 115 112
377 95 112
357 86 112
352 97 107
332 106 107
312 114 107
292 120 107
272 128 107
252 144 107
235 163 107
223 183 107
214 203 107
208 223 107
206 243 107
204 263 107
204 283 107
205 303 107
209 323 107
217 343 107
226 363 107
239 383 107
253 403 107
273 418 107
293 427 107
313 440 107
333 447 107
353 446 107
373 434 107
382 414 107
387 394 107
393 374 107
399 354 107
403 334 107
406 314 107
401 294 107
404 274 107
411 254 107
413 234 107
412 214 107
410 194 107
406 174 107
401 154 107
394 134 107
386 114 107
369 99 107
352 77 119
332 82 119
312 90 119
292 103 119
272 115 119
252 132 119
240 152 119
231 172 119
224 192 119
219 212 119
215 232 119
214 252 119
212 272 119
210 292 119
211 312 119
215 332 119
219 352 119
220 372 119
224 392 119
236 412 119
255 431 119
275 445 119
295 455 119
315 461 119
335 465 119
355 462 119
374 448 119
379 428 119
383 408 119
389 388 119
396 368 119
403 348 119
407 330 119
413 312 119
415 292 119
417 272 119
418 252 119
417 232 119
415 212 119
410 194 119
406 174 119
402 154 119
394 134 119
387 114 119
380 94 119
362 80 119
353 71 124
333 76 124
313 84 124
293 97 124
273 114 124
254 130 124
239 150 124
232 170 124
226 190 124
221 210 124
217 230 124
215 250 124
213 270 124
211 290 124
212 310 124
216 330 124
218 350 124
216 370 124
221 390 124
234 410 124
247 430 124
266 448 124
286 458 124
306 465 124
326 468 124
346 467 124
366 459 124
379 440 124
380 420 124
385 400 124
392 380 124
399 361 124
407 343 124
412 323 124
415 303 124
417 283 124
420 263 124
419 243 124
416 223 124
412 205 124
408 185 124
405 165 124
398 145 124
391 125 124
384 105 124
378 85 124
360 72 124
352 75 139
332 76 139
312 77 139
292 83 139
272 98 139
257 118 139
248 138 139
244 158 139
244 178 139
239 198 139
231 218 139
226 238 139
223 258 139
221 278 139
221 298 139
224 318 139
230 338 139
221 358 139
219 378 139
219 398 139
224 418 139
235 438 139
254 456 139
274 465 139
294 472 139
314 473 139
334 468 139
354 464 139
374 453 139
380 433 139
382 413 139
390 395 139
396 375 139
401 355 139
407 337 139
411 317 139
410 298 139
414 281 139
415 261 139
416 241 139
414 221 139
413 201 139
410 181 139
405 161 139
398 141 139
392 121 139
387 101 139
379 84 139
359 76 139
311 72 144
291 79 144
271 92 144
254 110 144
246 130 144
243 150 144
242 170 144
245 190 144
252 210 144
242 225 144
234 245 144
231 265 144
229 285 144
235 305 144
233 323 144
224 343 144
219 363 144
217 383 144
217 403 144
222 423 144
234 443 144
253 461 144
273 469 144
293 473 144
313 472 144
333 463 144
353 454 144
373 447 144
380 427 144
386 407 144
391 390 144
397 370 144
403 350 144
408 330 144
410 310 144
400 292 144
412 276 144
414 258 144
415 239 144
414 219 144
412 199 144
409 179 144
404 159 144
397 139 144
391 119 144
386 99 144
369 85 144
349 79 144
329 75 144
309 70 149
289 76 149
269 87 149
251 105 149
243 125 149
240 145 149
240 165 149
241 185 149
246 205 149
256 225 149
273 239 149
261 246 149
260 262 149
254 275 149
259 294 149
242 309 149
229 329 149
222 349 149
217 369 149
214 389 149
214 409 149
220 429 149
234 449 149
254 465 149
274 471 149
294 473 149
314 469 149
334 457 149
353 438 149
373 430 149
384 412 149
390 392 149
389 372 149
396 352 149
399 332 149
395 312 149
377 298 149
357 296 149
353 283 149
371 280 149
391 279 149
406 264 149
410 244 149
408 224 149
413 204 149
410 184 149
405 164 149
399 144 149
392 124 149
384 106 149
366 88 149
346 79 149
326 73 149
312 112 104
292 118 104
272 130 104
252 147 104
234 167 104
222 187 104
213 207 104
208 227 104
211 247 104
208 267 104
205 287 104
206 307 104
211 327 104
219 347 104
230 367 104
242 387 104
257 407 104
277 420 104
297 426 104
317 425 104
337 425 104
354 433 104
373 423 104
383 403 104
390 383 104
395 363 104
400 343 104
402 323 104
401 303 104
398 283 104
407 263 104
410 243 104
410 223 104
409 203 104
406 183 104
403 163 104
397 143 104
388 123 104
369 113 104
349 113 104
329 112 104
235 44 23
215 52 23
201 70 23
200 90 23
211 110 23
231 122 23
251 127 23
262 147 23
273 165 23
291 170 23
306 173 23
290 191 23
270 196 23
251 208 23
242 228 23
236 248 23
242 268 23
255 288 23
274 300 23
280 316 23
260 309 23
244 309 23
234 329 23
233 349 23
222 368 23
214 386 23
211 406 23
209 426 23
225 444 23
245 447 23
265 441 23
280 433 23
300 422 23
319 409 23
329 390 23
338 371 23
340 351 23
340 331 23
342 311 23
344 291 23
348 271 23
352 251 23
349 231 23
349 211 23
346 191 23
344 171 23
343 153 23
343 137 23
341 118 23
336 100 23
326 87 23
306 75 23
291 63 23
275 54 23
255 46 23
235 44 23
351 71 133
331 76 133
311 82 133
291 92 133
272 111 133
259 131 133
247 151 133
239 171 133
231 191 133
227 211 133
223 231 133
220 251 133
219 271 133
218 291 133
218 311 133
219 331 133
221 351 133
223 371 133
224 391 133
227 411 133
236 431 133
254 449 133
274 461 133
294 468 133
314 472 133
334 471 133
354 469 133
372 455 133
378 435 133
381 415 133
387 395 133
395 377 133
402 357 133
407 337 133
411 317 133
415 297 133
417 277 133
417 257 133
416 237 133
414 217 133
412 197 133
409 177 133
405 157 133
399 139 133
392 119 133
387 99 133
380 81 133
360 71 133
258 44 28
238 52 28
224 69 28
223 89 28
231 108 28
248 122 28
248 142 28
247 162 28
253 180 28
268 188 28
260 207 28
245 226 28
244 246 28
244 266 28
245 284 28
228 291 28
224 311 28
222 331 28
224 350 28
222 370 28
215 390 28
224 409 28
226 429 28
243 445 28
263 448 28
280 439 28
300 433 28
319 420 28
339 404 28
354 387 28
358 368 28
359 348 28
359 328 28
359 308 28
361 288 28
363 268 28
365 248 28
368 228 28
370 208 28
372 188 28
374 168 28
373 148 28
368 128 28
361 109 28
353 89 28
354 80 28
336 68 28
317 56 28
301 51 28
281 47 28
261 44 28
288 49 33
268 54 33
249 66 33
243 85 33
245 105 33
245 125 33
239 145 33
238 165 33
243 185 33
249 205 33
251 223 33
249 243 33
241 261 33
223 272 33
213 292 33
211 312 33
212 332 33
217 352 33
221 372 33
221 392 33
224 412 33
239 432 33
259 442 33
279 444 33
299 439 33
319 430 33
339 415 33
358 396 33
368 376 33
374 356 33
379 336 33
379 316 33
377 296 33
377 276 33
378 256 33
381 236 33
385 216 33
389 196 33
393 176 33
394 156 33
389 136 33
379 116 33
366 97 33
351 77 33
332 61 33
312 53 33
292 49 33
295 60 38
275 67 38
255 84 38
248 104 38
240 124 38
232 144 38
233 164 38
236 184 38
237 204 38
236 224 38
237 244 38
221 256 38
206 275 38
200 295 38
198 315 38
200 335 38
209 355 38
220 375 38
229 395 38
231 415 38
247 434 38
267 443 38
287 442 38
307 438 38
327 430 38
347 416 38
362 396 38
372 376 38
382 356 38
387 336 38
386 316 38
386 296 38
386 276 38
387 256 38
390 236 38
394 216 38
398 196 38
399 176 38
400 156 38
394 136 38
386 116 38
368 96 38
348 81 38
328 68 38
308 61 38
294 66 43
274 75 43
261 92 43
246 110 43
231 127 43
224 147 43
224 167 43
228 187 43
230 207 43
229 227 43
223 245 43
204 260 43
194 280 43
190 300 43
189 320 43
191 340 43
198 360 43
216 378 43
229 398 43
243 417 43
260 435 43
280 443 43
300 442 43
320 436 43
340 426 43
357 407 43
369 387 43
381 367 43
390 347 43
394 327 43
396 307 43
397 287 43
397 267 43
400 247 43
404 227 43
407 207 43
405 187 43
401 167 43
398 147 43
391 127 43
380 107 43
361 89 43
341 78 43
321 70 43
301 66 43
309 71 48
289 78 48
269 86 48
253 102 48
233 112 48
221 132 48
216 152 48
217 172 48
220 192 48
224 212 48
224 232 48
211 247 48
194 266 48
187 286 48
185 306 48
185 326 48
187 346 48
193 366 48
208 383 48
227 396 48
244 412 48
262 429 48
282 439 48
302 440 48
322 435 48
342 423 48
359 404 48
374 384 48
388 364 48
397 344 48
401 324 48
404 304 48
405 284 48
407 264 48
409 244 48
409 224 48
407 204 48
405 184 48
400 164 48
395 144 48
389 124 48
378 104 48
359 86 48
339 76 48
319 71 48
306 78 53
286 82 53
267 91 53
247 92 53
228 105 53
217 125 53
212 145 53
211 165 53
211 185 53
216 205 53
219 225 53
216 244 53
196 258 53
187 278 53
184 298 53
183 318 53
185 338 53
188 358 53
195 378 53
214 392 53
234 404 53
253 418 53
273 430 53
293 436 53
313 433 53
333 425 53
353 411 53
370 392 53
384 372 53
395 352 53
401 332 53
405 312 53
407 292 53
409 272 53
410 255 53
412 236 53
409 217 53
407 199 53
404 179 53
399 159 53
392 139 53
385 119 53
371 99 53
351 86 53
331 79 53
311 78 53
299 82 58
279 88 58
259 84 58
239 91 58
222 109 58
216 129 58
212 149 58
210 169 58
210 189 58
215 209 58
219 229 58
218 249 58
198 262 58
187 281 58
184 301 58
185 321 58
188 341 58
191 361 58
200 381 58
219 391 58
239 404 58
259 419 58
279 427 58
299 432 58
319 427 58
339 420 58
359 407 58
376 387 58
388 367 58
398 347 58
403 327 58
406 307 58
408 287 58
412 269 58
412 251 58
410 232 58
409 214 58
407 195 58
402 175 58
397 155 58
389 135 58
377 115 58
359 99 58
339 89 58
319 84 58
299 82 58
312 117 73
292 124 73
272 132 73
253 150 73
239 170 73
231 190 73
224 210 73
220 230 73
216 250 73
214 270 73
211 290 73
212 310 73
215 330 73
222 350 73
231 370 73
245 390 73
265 407 73
285 416 73
305 421 73
325 422 73
345 416 73
365 405 73
383 387 73
392 367 73
400 348 73
405 331 73
408 312 73
408 292 73
410 272 73
413 253 73
412 233 73
409 215 73
406 195 73
402 175 73
395 155 73
377 136 73
357 126 73
337 121 73
317 117 73
312 122 78
292 126 78
272 138 78
252 154 78
237 174 78
227 194 78
219 214 78
215 234 78
214 254 78
211 274 78
210 294 78
212 314 78
216 334 78
222 354 78
234 374 78
248 394 78
268 409 78
288 418 78
308 422 78
328 421 78
348 413 78
368 401 78
384 382 78
394 362 78
400 342 78
404 324 78
407 304 78
406 284 78
410 264 78
412 245 78
412 227 78
408 208 78
405 188 78
400 168 78
386 149 78
366 133 78
346 125 78
326 122 78
321 121 83
301 125 83
281 134 83
261 147 83
242 166 83
226 186 83
216 206 83
211 226 83
210 246 83
210 266 83
209 286 83
208 306 83
210 326 83
217 346 83
230 366 83
242 386 83
261 404 83
281 415 83
301 422 83
321 422 83
341 416 83
361 406 83
381 389 83
391 369 83
398 349 83
402 329 83
405 309 83
400 289 83
406 269 83
410 249 83
412 230 83
408 212 83
405 192 83
401 172 83
391 152 83
372 136 83
352 126 83
332 121 83
355 74 138
335 76 138
315 77 138
295 83 138
275 98 138
259 117 138
250 137 138
245 157 138
245 177 138
237 197 138
230 217 138
225 237 138
222 257 138
221 277 138
220 297 138
222 317 138
228 337 138
222 357 138
220 377 138
220 397 138
224 417 138
235 437 138
255 455 138
275 465 138
295 471 138
315 472 138
335 469 138
355 465 138
375 453 138
380 433 138
382 413 138
390 395 138
396 375 138
400 355 138
407 337 138
411 317 138
411 298 138
415 280 138
415 260 138
416 240 138
414 220 138
412 200 138
410 180 138
406 162 138
399 142 138
392 122 138
387 102 138
380 84 138
360 75 138
331 120 88
311 123 88
291 131 88
271 144 88
251 158 88
231 177 88
218 197 88
212 217 88
210 237 88
211 257 88
210 277 88
208 297 88
209 317 88
215 337 88
224 357 88
238 377 88
256 397 88
276 412 88
296 420 88
316 422 88
336 419 88
356 412 88
376 398 88
388 378 88
395 358 88
401 338 88
404 318 88
401 298 88
395 278 88
408 258 88
413 240 88
410 222 88
407 202 88
404 182 88
398 162 88
384 142 88
364 127 88
344 121 88
319 121 93
299 127 93
279 139 93
259 154 93
241 174 93
226 194 93
216 214 93
212 234 93
212 254 93
212 274 93
210 294 93
212 314 93
218 334 93
228 354 93
240 374 93
255 394 93
275 410 93
295 418 93
315 422 93
335 424 93
355 418 93
375 403 93
388 383 93
395 363 93
400 343 93
404 323 93
399 303 93
392 283 93
402 263 93
410 243 93
411 223 93
409 203 93
405 183 93
399 163 93
387 143 93
367 127 93
347 122 93
327 121 93
309 73 143
289 81 143
269 94 143
253 114 143
246 134 143
243 154 143
243 174 143
246 194 143
248 213 143
235 231 143
230 251 143
228 271 143
227 291 143
234 311 143
230 329 143
223 349 143
219 369 143
217 389 143
219 409 143
226 429 143
240 449 143
260 464 143
280 470 143
300 474 143
320 470 143
340 460 143
360 455 143
378 442 143
381 422 143
385 402 143
393 385 143
399 365 143
405 345 143
409 325 143
410 305 143
407 287 143
415 270 143
414 251 143
415 232 143
414 212 143
411 192 143
408 172 143
402 152 143
395 132 143
389 112 143
383 93 143
363 81 143
343 77 143
323 74 143
305 71 148
285 79 148
265 91 148
249 111 148
242 131 148
240 151 148
240 171 148
243 191 148
249 211 148
262 230 148
258 242 148
249 257 148
246 277 148
254 295 148
240 311 148
228 331 148
221 351 148
217 371 148
214 391 148
215 411 148
222 431 148
237 451 148
256 465 148
276 472 148
296 473 148
316 469 148
336 456 148
356 441 148
376 432 148
383 414 148
390 394 148
391 374 148
398 354 148
403 334 148
402 314 148
387 298 148
367 296 148
354 288 148
370 282 148
390 283 148
407 269 148
411 249 148
411 229 148
413 209 148
411 189 148
407 169 148
400 149 148
394 129 148
386 111 148
373 92 148
353 81 148
333 75 148
313 71 148
297 70 157
277 76 157
257 85 157
239 104 157
231 124 157
229 144 157
232 164 157
237 184 157
243 204 157
254 224 157
271 242 157
291 250 157
311 251 157
331 249 157
351 242 157
370 225 157
389 210 157
400 191 157
401 171 157
393 151 157
383 131 157
373 111 157
358 92 157
338 80 157
318 73 157
298 70 157
302 70 153
282 77 153
262 88 153
245 106 153
237 126 153
235 146 153
237 166 153
240 186 153
244 206 153
254 226 153
272 243 153
292 248 153
312 248 153
332 247 153
350 254 153
370 257 153
379 244 153
396 230 153
406 210 153
409 190 153
407 170 153
401 150 153
393 132 153
382 112 153
365 92 153
345 80 153
325 73 153
305 70 153
319 110 103
299 116 103
279 127 103
259 144 103
240 162 103
226 182 103
216 202 103
210 222 103
211 242 103
212 261 103
206 281 103
206 301 103
210 321 103
217 341 103
227 361 103
239 381 103
253 401 103
272 418 103
292 426 103
312 428 103
332 422 103
352 418 103
371 418 103
384 398 103
390 378 103
396 358 103
400 338 103
401 318 103
398 298 103
398 278 103
407 258 103
410 238 103
410 218 103
408 198 103
404 178 103
398 158 103
390 138 103
372 123 103
352 115 103
332 111 103
233 44 22
213 52 22
198 71 22
198 91 22
209 111 22
228 123 22
247 125 22
263 142 22
274 161 22
294 166 22
312 163 22
301 182 22
281 194 22
261 198 22
246 217 22
234 237 22
237 257 22
245 276 22
263 292 22
282 303 22
283 319 22
263 311 22
247 313 22
236 333 22
232 353 22
217 369 22
210 387 22
206 407 22
206 427 22
223 444 22
243 447 22
263 441 22
283 429 22
303 418 22
321 404 22
329 384 22
337 365 22
338 345 22
338 325 22
339 305 22
342 285 22
347 265 22
349 245 22
346 225 22
344 205 22
340 185 22
336 166 22
333 147 22
329 130 22
334 110 22
328 91 22
308 81 22
295 68 22
275 56 22
255 48 22
235 44 22
259 43 27
239 48 27
222 61 27
216 81 27
221 101 27
237 117 27
252 130 27
250 149 27
252 169 27
249 176 27
269 180 27
270 197 27
251 214 27
243 234 27
242 254 27
246 274 27
244 288 27
229 298 27
225 318 27
224 338 27
225 358 27
219 378 27
217 398 27
221 418 27
229 438 27
249 448 27
269 444 27
289 437 27
309 424 27
328 410 27
345 392 27
350 373 27
352 353 27
354 333 27
355 313 27
356 293 27
359 273 27
362 253 27
364 233 27
366 213 27
367 193 27
368 173 27
369 153 27
366 133 27
361 117 27
360 103 27
345 84 27
327 71 27
308 57 27
288 47 27
268 44 27
275 48 32
255 56 32
241 75 32
240 95 32
246 115 32
242 135 32
239 155 32
242 175 32
248 195 32
255 214 32
247 234 32
247 254 32
233 269 32
218 285 32
214 305 32
213 325 32
217 345 32
221 365 32
221 385 32
220 404 32
232 424 32
250 440 32
270 446 32
290 443 32
310 434 32
330 421 32
349 404 32
363 384 32
371 364 32
376 344 32
377 324 32
375 304 32
374 284 32
375 264 32
377 244 32
381 224 32
385 204 32
389 184 32
391 164 32
389 144 32
379 124 32
370 105 32
358 85 32
341 66 32
321 55 32
301 49 32
281 48 32
292 58 37
272 67 37
254 85 37
247 105 37
240 125 37
233 145 37
234 165 37
237 185 37
238 205 37
238 225 37
238 245 37
223 257 37
208 276 37
202 296 37
201 316 37
203 336 37
213 356 37
221 376 37
228 395 37
230 415 37
246 434 37
266 442 37
286 441 37
306 437 37
326 430 37
346 415 37
362 396 37
372 376 37
380 356 37
385 336 37
385 316 37
384 296 37
384 276 37
386 256 37
388 236 37
392 216 37
396 196 37
399 176 37
399 156 37
394 136 37
385 116 37
368 96 37
348 80 37
328 66 37
308 59 37
294 65 42
274 72 42
261 90 42
246 108 42
234 127 42
226 147 42
227 167 42
230 187 42
232 207 42
231 227 42
226 246 42
206 259 42
196 279 42
191 299 42
190 319 42
191 339 42
199 359 42
216 377 42
229 397 42
240 417 42
257 435 42
277 443 42
297 442 42
317 437 42
337 428 42
355 409 42
368 389 42
380 369 42
389 349 42
392 329 42
394 309 42
394 289 42
394 269 42
397 249 42
401 229 42
405 209 42
405 189 42
402 169 42
399 149 42
392 130 42
382 110 42
364 91 42
344 79 42
324 71 42
304 66 42
307 70 47
287 77 47
267 87 47
251 104 47
231 116 47
221 136 47
217 156 47
219 176 47
223 196 47
225 216 47
225 236 47
207 251 47
193 271 47
187 291 47
186 311 47
186 331 47
189 351 47
197 371 47
216 385 47
231 402 47
250 418 47
269 435 47
289 441 47
309 439 47
329 432 47
349 417 47
363 397 47
378 377 47
391 357 47
398 337 47
401 317 47
403 297 47
404 277 47
407 257 47
409 237 47
408 217 47
407 197 47
403 177 47
398 157 47
394 137 47
386 117 47
372 97 47
352 82 47
332 73 47
312 70 47
254 84 62
234 93 62
223 112 62
216 130 62
210 150 62
208 170 62
210 190 62
215 210 62
217 230 62
215 250 62
206 269 62
189 284 62
185 304 62
185 324 62
187 344 62
193 364 62
207 381 62
227 386 62
245 403 62
264 418 62
284 425 62
304 428 62
324 424 62
344 417 62
364 404 62
382 384 62
392 364 62
399 344 62
404 326 62
407 306 62
409 287 62
412 269 62
412 249 62
410 230 62
409 212 62
406 194 62
402 174 62
396 154 62
387 134 62
369 115 62
349 101 62
329 91 62
309 87 62
289 91 62
269 87 62
249 93 67
230 106 67
221 126 67
215 146 67
212 166 67
214 186 67
221 206 67
219 226 67
216 246 67
213 266 67
209 286 67
209 306 67
212 326 67
217 346 67
225 366 67
238 386 67
255 405 67
275 415 67
295 422 67
315 423 67
335 419 67
355 411 67
375 396 67
388 376 67
396 356 67
403 339 67
407 319 67
408 299 67
409 282 67
412 265 67
413 245 67
412 225 67
410 205 67
405 187 67
400 167 67
393 147 67
376 127 67
356 114 67
336 106 67
316 101 67
296 105 67
276 105 67
257 94 67
289 71 162
269 77 162
249 85 162
231 103 162
224 123 162
222 143 162
225 163 162
232 183 162
241 203 162
255 223 162
274 239 162
294 248 162
314 251 162
334 246 162
354 234 162
370 214 162
378 194 162
382 174 162
378 154 162
371 135 162
366 115 162
353 95 162
333 83 162
313 75 162
293 71 162
314 115 72
294 121 72
274 129 72
255 147 72
242 165 72
233 185 72
226 205 72
221 225 72
217 245 72
214 265 72
211 285 72
211 305 72
213 325 72
219 345 72
229 365 72
240 385 72
259 403 72
279 414 72
299 420 72
319 422 72
339 418 72
359 409 72
378 393 72
390 373 72
397 353 72
404 335 72
407 317 72
408 297 72
409 277 72
412 259 72
412 239 72
409 223 72
408 204 72
404 184 72
399 164 72
387 144 72
367 130 72
347 122 72
327 117 72
309 122 77
289 127 77
269 141 77
249 156 77
236 176 77
228 196 77
220 216 77
216 236 77
214 256 77
212 276 77
212 296 77
214 316 77
218 336 77
223 356 77
235 376 77
250 396 77
270 410 77
290 419 77
310 422 77
330 420 77
350 413 77
370 400 77
386 380 77
395 360 77
400 340 77
404 321 77
407 301 77
407 281 77
410 264 77
411 246 77
412 227 77
408 209 77
405 189 77
400 169 77
387 149 77
367 133 77
347 126 77
327 122 77
322 121 82
302 125 82
282 133 82
262 146 82
243 166 82
227 186 82
217 206 82
211 226 82
210 246 82
210 266 82
209 286 82
208 306 82
211 326 82
217 346 82
230 366 82
242 386 82
261 404 82
281 416 82
301 422 82
321 422 82
341 416 82
361 406 82
380 389 82
391 369 82
398 349 82
403 329 82
406 309 82
400 289 82
406 270 82
410 250 82
412 231 82
408 212 82
405 192 82
401 172 82
391 152 82
371 136 82
351 126 82
331 121 82
337 120 87
317 121 87
297 128 87
277 139 87
257 152 87
237 170 87
222 190 87
213 210 87
210 230 87
210 250 87
211 270 87
208 290 87
208 310 87
211 330 87
219 350 87
232 370 87
248 390 87
268 407 87
288 418 87
308 423 87
328 421 87
348 414 87
368 405 87
384 386 87
392 366 87
399 346 87
403 326 87
405 306 87
395 286 87
405 266 87
410 246 87
410 226 87
408 206 87
405 186 87
399 166 87
387 146 87
368 130 87
348 122 87
320 121 92
300 127 92
280 139 92
260 153 92
241 172 92
225 192 92
215 212 92
211 232 92
211 252 92
211 272 92
209 292 92
211 312 92
217 332 92
226 352 92
237 372 92
253 392 92
271 408 92
291 417 92
311 420 92
331 423 92
351 418 92
371 406 92
386 386 92
394 366 92
399 346 92
403 326 92
401 306 92
392 286 92
401 266 92
409 246 92
411 226 92
409 206 92
406 186 92
400 166 92
389 146 92
369 130 92
349 123 92
329 121 92
337 114 97
317 119 97
297 127 97
277 138 97
257 154 97
241 174 97
227 194 97
218 214 97
213 234 97
213 254 97
213 274 97
210 294 97
212 314 97
218 334 97
228 354 97
240 374 97
255 394 97
275 411 97
295 422 97
315 428 97
335 428 97
355 421 97
375 404 97
387 384 97
394 364 97
399 344 97
401 324 97
396 304 97
389 284 97
398 264 97
407 244 97
410 224 97
409 204 97
407 184 97
402 164 97
392 144 97
373 126 97
353 116 97
283 72 166
263 77 166
243 84 166
226 102 166
219 122 166
217 142 166
220 162 166
228 182 166
238 202 166
252 222 166
271 239 166
291 249 166
311 248 166
331 242 166
350 226 166
358 206 166
359 186 166
364 167 166
363 147 166
361 128 166
355 108 166
338 90 166
318 79 166
298 73 166
277 287 171
257 295 171
237 307 171
217 324 171
200 344 171
191 364 171
185 384 171
186 404 171
195 424 171
213 443 171
233 451 171
253 455 171
273 456 171
293 450 171
310 432 171
315 412 171
318 392 171
322 372 171
325 352 171
327 332 171
324 313 171
306 295 171
286 288 171
225 175 12
206 182 12
189 194 12
200 208 12
197 225 12
183 224 12
167 226 12
170 246 12
180 265 12
198 282 12
218 293 12
238 288 12
258 294 12
278 294 12
297 289 12
311 276 12
320 256 12
322 236 12
316 216 12
304 199 12
285 193 12
265 183 12
246 185 12
226 175 12
301 190 17
282 194 17
262 192 17
244 202 17
226 198 17
206 206 17
186 221 17
179 241 17
191 260 17
211 270 17
231 271 17
248 284 17
267 295 17
287 303 17
306 314 17
310 334 17
313 334 17
313 314 17
318 294 17
329 276 17
334 256 17
333 236 17
323 217 17
314 197 17
248 165 3
228 168 3
208 167 3
188 176 3
173 196 3
170 215 3
186 221 3
190 221 3
186 202 3
206 199 3
216 216 3
235 221 3
243 236 3
238 253 3
219 249 3
207 260 3
187 270 3
179 256 3
171 241 3
167 247 3
168 267 3
179 286 3
199 296 3
219 301 3
239 305 3
254 299 3
274 293 3
294 283 3
307 265 3
313 245 3
314 225 3
307 205 3
291 190 3
271 181 3
272 166 3
264 168 3
344 79 118
324 86 118
304 97 118
284 109 118
264 121 118
247 140 118
237 160 118
229 180 118
222 200 118
218 220 118
215 240 118
214 260 118
212 280 118
211 300 118
213 320 118
217 340 118
222 360 118
223 380 118
229 400 118
244 420 118
264 437 118
284 449 118
304 458 118
324 463 118
344 464 118
364 457 118
378 438 118
381 418 118
386 398 118
392 378 118
399 358 118
405 338 118
409 320 118
413 302 118
415 282 118
417 262 118
418 242 118
416 222 118
413 202 118
408 184 118
404 164 118
398 144 118
390 124 118
384 104 118
372 85 118
352 79 118
352 72 123
332 77 123
312 85 123
292 98 123
272 115 123
253 131 123
238 151 123
231 171 123
225 191 123
220 211 123
217 231 123
215 251 123
213 271 123
211 291 123
212 311 123
216 331 123
218 351 123
217 371 123
221 391 123
235 411 123
249 431 123
268 448 123
288 458 123
308 464 123
328 468 123
348 466 123
368 457 123
379 438 123
380 418 123
386 398 123
393 378 123
399 360 123
405 342 123
412 324 123
415 304 123
417 284 123
420 264 123
419 244 123
416 224 123
412 206 123
409 188 123
405 168 123
399 148 123
392 128 123
386 108 123
378 88 123
361 73 123
310 76 52
290 80 52
272 92 52
252 92 52
232 102 52
219 122 52
213 142 52
211 162 52
212 182 52
215 202 52
219 222 52
218 242 52
198 256 52
187 276 52
184 296 52
183 316 52
184 336 52
187 356 52
194 376 52
212 391 52
231 402 52
251 417 52
271 430 52
291 437 52
311 435 52
331 427 52
351 413 52
369 394 52
382 374 52
394 354 52
401 334 52
405 314 52
407 294 52
409 274 52
410 257 52
412 238 52
409 220 52
407 201 52
404 181 52
399 161 52
393 141 52
386 121 52
374 101 52
354 86 52
334 78 52
314 76 52
301 81 57
281 88 57
261 85 57
241 90 57
224 107 57
217 127 57
213 147 57
210 167 57
210 187 57
215 207 57
219 227 57
218 247 57
198 260 57
187 280 57
185 300 57
185 320 57
187 340 57
190 359 57
198 379 57
216 392 57
236 403 57
256 418 57
276 427 57
296 433 57
316 429 57
336 421 57
356 409 57
374 390 57
386 370 57
396 350 57
402 330 57
406 310 57
408 290 57
409 270 57
410 253 57
411 235 57
411 216 57
409 196 57
403 177 57
398 157 57
391 137 57
380 117 57
362 99 57
342 89 57
322 83 57
302 81 57
298 70 156
278 76 156
258 86 156
241 105 156
233 125 156
230 145 156
234 165 156
238 185 156
244 205 156
253 225 156
271 242 156
291 250 156
311 251 156
331 249 156
351 241 156
371 229 156
391 214 156
403 195 156
404 175 156
398 155 156
388 135 156
377 115 156
363 95 156
343 82 156
323 74 156
303 70 156
297 70 161
277 75 161
257 82 161
237 96 161
227 116 161
224 136 161
224 156 161
231 176 161
238 196 161
249 216 161
267 235 161
287 246 161
307 251 161
327 249 161
347 241 161
366 224 161
378 204 161
387 184 161
385 164 161
376 144 161
370 124 161
362 104 161
344 87 161
324 78 161
304 72 161
247 165 2
227 168 2
207 167 2
187 177 2
169 191 2
171 211 2
170 214 2
179 216 2
191 203 2
210 204 2
203 219 2
192 218 2
204 229 2
222 235 2
230 222 2
237 236 2
245 255 2
231 251 2
213 244 2
199 243 2
207 255 2
188 260 2
184 243 2
177 243 2
172 230 2
158 228 2
157 228 2
167 246 2
170 265 2
178 285 2
198 295 2
218 301 2
238 305 2
254 297 2
274 293 2
294 284 2
307 267 2
314 247 2
315 227 2
310 207 2
299 190 2
279 182 2
270 171 2
264 172 2
250 165 2
229 169 7
209 170 7
189 177 7
175 195 7
165 215 7
165 217 7
185 224 7
191 239 7
178 232 7
163 239 7
166 250 7
171 270 7
187 289 7
207 298 7
227 300 7
247 300 7
267 297 7
287 289 7
304 273 7
312 253 7
314 233 7
311 213 7
295 196 7
276 184 7
258 170 7
238 169 7
349 87 111
329 93 111
309 106 111
289 116 111
269 133 111
250 151 111
233 170 111
221 190 111
213 210 111
209 230 111
206 250 111
205 270 111
206 290 111
208 310 111
214 330 111
222 350 111
231 370 111
238 390 111
248 410 111
267 427 111
287 440 111
307 450 111
327 456 111
347 455 111
367 447 111
379 428 111
383 408 111
389 388 111
395 368 111
401 348 111
406 328 111
409 308 111
407 288 111
412 268 111
413 248 111
413 228 111
411 208 111
409 188 111
405 168 111
399 148 111
392 128 111
385 108 111
369 91 111
349 87 111
347 81 116
327 87 116
307 96 116
287 109 116
267 121 116
250 139 116
239 159 116
231 179 116
224 199 116
220 218 116
216 238 116
214 258 116
213 278 116
212 298 116
214 318 116
217 338 116
222 358 116
226 378 116
231 398 116
244 418 116
264 435 116
284 447 116
304 456 116
324 461 116
344 462 116
364 455 116
378 436 116
382 416 116
386 396 116
393 376 116
400 356 116
405 336 116
409 316 116
411 296 116
413 276 116
417 258 116
417 238 116
415 218 116
411 200 116
408 180 116
403 160 116
397 140 116
389 120 116
383 100 116
366 84 116
216 170 8
196 175 8
179 190 8
171 210 8
162 216 8
173 229 8
162 240 8
167 247 8
171 267 8
186 286 8
206 297 8
226 300 8
246 297 8
266 297 8
286 290 8
303 278 8
312 258 8
315 238 8
313 218 8
301 199 8
281 187 8
262 174 8
242 171 8
222 170 8
346 75 121
326 81 121
306 91 121
286 105 121
266 119 121
247 137 121
236 157 121
229 177 121
223 197 121
218 217 121
215 237 121
214 257 121
212 277 121
210 297 121
212 317 121
216 337 121
219 357 121
218 377 121
224 397 121
241 417 121
259 437 121
279 451 121
299 459 121
319 465 121
339 466 121
359 462 121
376 446 121
379 426 121
384 406 121
390 386 121
397 366 121
405 348 121
411 328 121
414 308 121
416 288 121
418 268 121
419 248 121
417 228 121
412 210 121
410 192 121
406 172 121
401 152 121
393 132 121
387 112 121
379 92 121
362 77 121
352 70 126
332 75 126
312 83 126
292 96 126
272 115 126
254 133 126
238 153 126
232 173 126
226 193 126
222 213 126
219 233 126
217 253 126
215 273 126
212 293 126
214 313 126
217 333 126
218 353 126
217 373 126
223 393 126
234 413 126
247 433 126
266 450 126
286 460 126
306 467 126
326 470 126
346 468 126
366 458 126
379 439 126
380 419 126
385 399 126
392 379 126
400 360 126
407 343 126
412 323 126
416 303 126
419 283 126
420 263 126
418 243 126
416 223 126
413 203 126
410 183 126
405 165 126
399 145 126
392 126 126
386 106 126
383 86 126
365 72 126
353 70 131
333 75 131
313 82 131
293 93 131
275 112 131
258 132 131
245 152 131
235 172 131
230 192 131
225 212 131
221 232 131
219 252 131
218 272 131
216 292 131
217 312 131
219 332 131
219 352 131
222 372 131
225 392 131
230 412 131
240 432 131
258 450 131
278 461 131
298 468 131
318 471 131
338 471 131
358 467 131
374 450 131
378 430 131
382 410 131
388 390 131
395 370 131
404 352 131
409 332 131
413 312 131
416 292 131
418 272 131
418 252 131
416 232 131
414 212 131
412 192 131
408 172 131
403 152 131
396 134 131
391 114 131
385 94 131
375 76 131
355 70 131
351 73 136
331 77 136
311 80 136
291 88 136
272 105 136
258 125 136
249 145 136
244 165 136
239 185 136
231 205 136
226 225 136
222 245 136
221 265 136
219 285 136
219 305 136
221 325 136
225 345 136
222 365 136
221 385 136
223 405 136
229 425 136
245 445 136
265 459 136
285 467 136
305 472 136
325 471 136
345 469 136
365 463 136
378 444 136
379 425 136
386 407 136
392 387 136
398 367 136
405 347 136
409 327 136
412 307 136
413 289 136
415 270 136
416 250 136
415 230 136
414 210 136
411 190 136
406 172 136
403 152 136
396 132 136
390 112 136
385 92 136
372 76 136
352 73 136
313 74 141
293 80 141
273 94 141
257 112 141
248 132 141
244 152 141
243 172 141
247 192 141
238 211 141
231 231 141
226 251 141
224 271 141
223 291 141
226 311 141
232 331 141
223 350 141
219 370 141
218 390 141
220 410 141
228 430 141
243 450 141
263 463 141
283 470 141
303 474 141
323 470 141
343 462 141
363 458 141
379 442 141
381 422 141
385 402 141
393 384 141
399 364 141
405 344 141
408 324 141
412 305 141
411 287 141
415 268 141
416 248 141
415 228 141
413 208 141
411 188 141
407 168 141
401 148 141
394 128 141
389 108 141
382 89 141
362 79 141
342 77 141
322 75 141
309 71 146
289 78 146
269 91 146
252 109 146
245 129 146
242 149 146
241 169 146
244 189 146
250 209 146
258 229 146
243 241 146
239 261 146
236 281 146
244 301 146
234 320 146
225 340 146
219 360 146
217 380 146
215 400 146
219 420 146
230 440 146
247 459 146
267 469 146
287 473 146
307 472 146
327 465 146
347 450 146
367 445 146
379 429 146
385 409 146
389 389 146
397 371 146
403 351 146
406 331 146
406 311 146
391 295 146
404 282 146
412 263 146
413 243 146
415 224 146
411 209 146
411 190 146
407 170 146
401 150 146
394 130 146
389 110 146
377 92 146
357 82 146
337 76 146
317 71 146
231 44 21
211 51 21
194 68 21
192 88 21
202 108 21
221 124 21
241 127 21
260 136 21
273 154 21
293 161 21
313 156 21
311 174 21
292 191 21
272 194 21
252 205 21
239 225 21
230 245 21
240 265 21
250 283 21
270 295 21
290 307 21
293 326 21
273 318 21
254 312 21
239 332 21
234 352 21
218 367 21
207 383 21
204 403 21
202 423 21
217 442 21
237 447 21
257 440 21
273 433 21
293 421 21
312 408 21
323 392 21
333 373 21
335 353 21
335 333 21
335 313 21
337 293 21
342 273 21
347 253 21
343 233 21
340 213 21
336 193 21
328 175 21
328 155 21
324 138 21
331 118 21
325 99 21
311 84 21
297 72 21
277 60 21
257 54 21
237 45 21
251 43 26
231 50 26
216 67 26
214 87 26
221 107 26
239 119 26
254 133 26
253 153 26
258 172 26
277 178 26
276 192 26
259 205 26
245 224 26
241 244 26
242 264 26
254 284 26
243 293 26
230 304 26
227 324 26
227 344 26
224 364 26
216 384 26
219 404 26
217 424 26
231 442 26
251 449 26
270 441 26
290 434 26
310 422 26
330 406 26
346 387 26
347 368 26
348 348 26
349 328 26
351 308 26
353 288 26
356 268 26
359 248 26
359 228 26
360 208 26
360 188 26
360 168 26
361 148 26
356 129 26
356 111 26
345 91 26
327 76 26
307 62 26
291 55 26
273 48 26
253 43 26
276 46 31
256 52 31
238 66 31
235 86 31
242 106 31
248 126 31
241 146 31
240 166 31
250 182 31
254 200 31
253 219 31
248 239 31
244 259 31
234 273 31
220 289 31
216 309 31
217 329 31
218 349 31
221 369 31
218 389 31
222 409 31
235 429 31
254 443 31
274 447 31
294 441 31
314 429 31
334 415 31
353 396 31
365 376 31
371 356 31
374 336 31
373 316 31
372 296 31
372 276 31
373 256 31
376 236 31
380 216 31
384 196 31
388 176 31
388 156 31
383 136 31
372 116 31
362 96 31
350 76 31
331 59 31
311 51 31
291 47 31
288 56 36
268 65 36
254 83 36
248 102 36
241 122 36
236 142 36
234 162 36
238 182 36
240 202 36
242 222 36
240 242 36
230 258 36
212 272 36
205 292 36
203 312 36
204 332 36
213 352 36
220 372 36
225 392 36
226 412 36
242 432 36
262 442 36
282 441 36
302 437 36
322 430 36
342 418 36
360 398 36
370 378 36
378 358 36
384 338 36
384 318 36
383 298 36
383 278 36
383 258 36
386 238 36
390 218 36
394 198 36
397 178 36
399 158 36
394 138 36
385 118 36
370 98 36
350 80 36
330 65 36
310 57 36
290 56 36
351 70 129
331 76 129
311 83 129
291 96 129
272 116 129
254 135 129
240 155 129
233 175 129
228 195 129
223 215 129
220 235 129
218 255 129
216 275 129
215 295 129
216 315 129
218 335 129
218 355 129
220 375 129
225 395 129
234 415 129
245 435 129
264 452 129
284 462 129
304 468 129
324 471 129
344 471 129
364 460 129
377 441 129
380 421 129
385 401 129
392 381 129
398 362 129
407 344 129
411 324 129
415 304 129
418 284 129
420 264 129
418 244 129
415 224 129
413 204 129
410 184 129
407 164 129
401 144 129
394 124 129
388 104 129
383 84 129
365 71 129
310 75 51
290 80 51
271 90 51
252 94 51
232 104 51
219 124 51
213 144 51
212 164 51
213 184 51
217 204 51
220 224 51
216 243 51
196 258 51
187 278 51
183 298 51
183 318 51
184 338 51
188 358 51
196 378 51
215 390 51
235 406 51
254 419 51
274 433 51
294 438 51
314 435 51
334 427 51
354 411 51
370 391 51
384 371 51
395 351 51
401 331 51
405 311 51
407 291 51
409 271 51
412 253 51
411 236 51
409 217 51
407 200 51
404 180 51
399 160 51
393 140 51
386 120 51
373 100 51
354 85 51
334 77 51
314 75 51
304 80 56
284 87 56
264 86 56
244 90 56
226 105 56
217 125 56
213 145 56
210 165 56
211 185 56
215 205 56
219 225 56
219 245 56
199 258 56
188 277 56
185 297 56
184 317 56
186 337 56
189 357 56
196 377 56
214 392 56
234 402 56
253 417 56
273 426 56
293 433 56
313 430 56
333 423 56
353 411 56
371 393 56
384 373 56
395 353 56
401 333 56
405 313 56
408 293 56
409 273 56
410 256 56
410 236 56
409 218 56
409 199 56
404 181 56
399 161 56
392 141 56
384 121 56
369 102 56
349 89 56
329 83 56
309 81 56
256 83 61
236 90 61
221 109 61
215 129 61
210 149 61
207 169 61
209 189 61
214 209 61
217 229 61
215 249 61
203 266 61
187 283 61
183 303 61
183 323 61
186 343 61
191 363 61
203 383 61
223 387 61
242 403 61
262 419 61
282 426 61
302 429 61
322 425 61
342 418 61
362 405 61
380 385 61
391 365 61
399 345 61
403 327 61
406 309 61
408 289 61
412 271 61
412 251 61
410 232 61
411 213 61
406 195 61
402 175 61
397 155 61
388 135 61
371 116 61
351 101 61
331 91 61
311 86 61
291 89 61
271 86 61
250 90 66
231 102 66
222 122 66
215 142 66
211 162 66
212 182 66
217 202 66
220 222 66
216 242 66
214 262 66
210 282 66
205 302 66
193 318 66
195 338 66
205 354 66
221 359 66
232 379 66
247 399 66
266 412 66
286 420 66
306 424 66
326 422 66
346 415 66
366 403 66
383 385 66
393 365 66
401 347 66
404 329 66
408 311 66
408 292 66
412 276 66
413 256 66
412 236 66
409 218 66
407 201 66
404 181 66
398 161 66
389 141 66
371 122 66
351 110 66
331 101 66
311 97 66
291 101 66
271 96 66
251 90 66
244 111 71
228 128 71
222 148 71
225 168 71
236 178 71
228 198 71
222 218 71
218 238 71
215 258 71
212 278 71
210 298 71
211 318 71
216 338 71
225 358 71
235 378 71
251 398 71
271 411 71
291 418 71
311 422 71
331 420 71
351 414 71
371 400 71
387 381 71
395 361 71
401 341 71
404 323 71
407 305 71
409 285 71
412 267 71
413 247 71
410 228 71
408 210 71
406 190 71
401 170 71
393 150 71
374 132 71
354 122 71
334 116 71
314 114 71
294 118 71
274 128 71
254 143 71
254 126 71
308 121 76
288 127 76
268 140 76
248 157 76
236 177 76
228 197 76
222 217 76
217 237 76
215 257 76
212 277 76
212 297 76
215 317 76
219 337 76
224 357 76
235 377 76
251 397 76
271 411 76
291 419 76
311 422 76
331 420 76
351 412 76
371 399 76
386 380 76
395 360 76
401 340 76
405 321 76
407 301 76
408 281 76
411 261 76
412 242 76
410 226 76
408 206 76
404 186 76
399 166 76
384 146 76
365 132 76
345 125 76
325 122 76
323 121 81
303 124 81
283 132 81
263 145 81
243 165 81
229 185 81
218 205 81
212 225 81
211 245 81
211 265 81
209 285 81
208 305 81
211 325 81
217 345 81
229 365 81
242 385 81
259 403 81
279 415 81
299 421 81
319 422 81
339 417 81
359 407 81
378 390 81
390 370 81
398 350 81
402 330 81
406 310 81
402 290 81
407 270 81
410 250 81
412 231 81
408 213 81
405 193 81
401 173 81
391 153 81
372 138 81
352 127 81
332 122 81
325 120 86
305 124 86
285 134 86
265 146 86
245 162 86
227 182 86
216 202 86
210 222 86
209 242 86
210 262 86
209 282 86
207 302 86
209 322 86
215 342 86
226 362 86
240 382 86
259 400 86
279 414 86
299 422 86
319 423 86
339 418 86
359 409 86
379 394 86
389 374 86
396 354 86
401 334 86
405 314 86
400 294 86
399 274 86
410 254 86
410 234 86
408 214 86
406 194 86
402 174 86
393 154 86
375 135 86
355 125 86
335 121 86
299 70 155
279 77 155
259 87 155
242 105 155
234 125 155
232 145 155
235 165 155
239 185 155
244 205 155
253 225 155
271 243 155
291 250 155
311 250 155
331 248 155
351 241 155
371 231 155
391 216 155
405 198 155
406 178 155
403 158 155
393 140 155
382 120 155
369 100 155
350 84 155
330 76 155
310 71 155
296 70 160
276 75 160
256 83 160
237 99 160
228 119 160
225 139 160
227 159 160
233 179 160
240 199 160
251 219 160
270 237 160
290 248 160
310 252 160
330 249 160
350 241 160
369 223 160
382 203 160
390 183 160
389 163 160
380 143 160
372 123 160
363 103 160
345 87 160
325 78 160
305 71 160
355 71 134
335 76 134
315 80 134
295 88 134
275 105 134
261 125 134
250 145 134
244 165 134
235 185 134
229 205 134
224 225 134
221 245 134
220 265 134
218 285 134
218 305 134
219 325 134
221 345 134
223 365 134
222 385 134
225 405 134
232 425 134
247 445 134
267 458 134
287 466 134
307 471 134
327 472 134
347 470 134
367 462 134
376 443 134
380 423 134
387 405 134
392 387 134
398 367 134
405 347 134
409 327 134
413 307 134
414 289 134
416 270 134
416 250 134
415 230 134
414 210 134
411 190 134
408 170 134
402 152 134
396 132 134
390 112 134
385 92 134
373 76 134
292 71 165
272 75 165
252 80 165
232 94 165
222 114 165
219 134 165
219 154 165
225 174 165
235 194 165
246 214 165
264 233 165
284 246 165
304 249 165
324 246 165
344 235 165
358 216 165
364 196 165
367 178 165
367 158 165
365 138 165
361 119 165
350 99 165
331 84 165
311 76 165
279 73 170
259 76 170
239 83 170
222 101 170
215 121 170
213 141 170
216 161 170
223 181 170
234 201 170
247 221 170
265 240 170
285 250 170
305 246 170
325 231 170
335 211 170
340 191 170
347 172 170
348 152 170
349 132 170
348 112 170
334 92 170
314 81 170
294 74 170
210 165 1
190 174 1
170 186 1
168 206 1
173 211 1
192 211 1
198 218 1
200 220 1
214 229 1
204 242 1
196 257 1
184 247 1
170 237 1
159 254 1
171 268 1
182 288 1
202 297 1
222 302 1
242 305 1
254 310 1
258 296 1
278 291 1
298 281 1
310 263 1
315 243 1
316 223 1
309 203 1
295 188 1
276 178 1
260 179 1
250 168 1
235 167 1
215 165 1
233 168 6
213 170 6
193 173 6
177 189 6
170 209 6
169 218 6
177 207 6
188 192 6
201 205 6
188 218 6
192 225 6
202 238 6
189 244 6
197 261 6
180 256 6
173 239 6
164 245 6
168 265 6
180 285 6
200 296 6
220 301 6
240 301 6
260 299 6
280 291 6
298 280 6
308 260 6
313 240 6
312 220 6
302 200 6
282 186 6
265 173 6
245 168 6
223 173 11
203 181 11
184 195 11
173 215 11
165 235 11
172 255 11
185 275 11
202 289 11
222 296 11
242 290 11
262 296 11
282 293 11
301 286 11
313 271 11
321 251 11
319 231 11
312 211 11
299 196 11
279 188 11
259 179 11
239 176 11
265 189 16
246 199 16
228 192 16
208 201 16
188 217 16
177 237 16
186 257 16
206 274 16
223 274 16
243 282 16
262 294 16
282 299 16
302 302 16
309 302 16
319 282 16
328 262 16
330 242 16
323 222 16
313 204 16
298 192 16
278 192 16
306 70 151
286 76 151
266 87 151
249 105 151
240 125 151
237 145 151
239 165 151
241 185 151
245 205 151
254 225 151
272 242 151
292 245 151
296 260 151
276 256 151
288 273 151
272 278 151
281 287 151
300 290 151
299 299 151
279 297 151
261 294 151
241 309 151
230 329 151
222 349 151
217 369 151
212 389 151
212 409 151
219 429 151
232 449 151
252 464 151
272 471 151
292 472 151
312 468 151
332 456 151
350 436 151
369 425 151
385 409 151
391 389 151
388 369 151
386 349 151
389 329 151
378 310 151
358 302 151
338 300 151
320 284 151
325 274 151
345 270 151
365 273 151
385 271 151
398 258 151
401 238 151
409 218 151
412 198 151
409 178 151
403 158 151
397 138 151
390 119 151
377 100 151
357 84 151
337 76 151
317 71 151
328 109 101
308 114 101
288 126 101
268 141 101
248 158 101
232 178 101
221 198 101
214 218 101
213 238 101
214 258 101
210 278 101
208 298 101
210 318 101
217 338 101
227 358 101
240 378 101
253 398 101
272 416 101
292 426 101
312 431 101
332 429 101
352 419 101
369 400 101
384 380 101
392 360 101
396 340 101
399 320 101
396 300 101
392 280 101
404 260 101
409 240 101
411 220 101
409 200 101
407 180 101
401 160 101
389 140 101
370 123 101
350 113 101
330 109 101
357 100 106
337 108 106
317 113 106
297 118 106
277 125 106
257 140 106
239 159 106
225 179 106
215 199 106
209 219 106
207 239 106
206 259 106
204 279 106
205 299 106
208 319 106
215 339 106
224 359 106
236 379 106
249 399 106
269 415 106
289 423 106
309 429 106
328 442 106
348 444 106
368 435 106
381 416 106
386 396 106
392 376 106
398 356 106
403 336 106
405 316 106
401 296 106
403 276 106
410 256 106
412 236 106
411 216 106
410 196 106
407 176 106
402 156 106
395 136 106
387 116 106
369 102 106
291 65 41
271 73 41
258 91 41
245 110 41
234 130 41
227 150 41
229 170 41
233 190 41
234 210 41
233 230 41
226 248 41
207 262 41
197 282 41
193 302 41
192 322 41
195 342 41
205 362 41
221 380 41
233 399 41
240 419 41
258 437 41
278 444 41
298 441 41
318 436 41
338 426 41
356 408 41
368 388 41
380 368 41
388 348 41
391 328 41
391 308 41
392 288 41
392 268 41
395 248 41
399 228 41
404 208 41
404 188 41
401 168 41
401 148 41
392 130 41
382 110 41
364 91 41
344 79 41
324 70 41
304 65 41
250 86 63
230 98 63
223 116 63
218 134 63
211 154 63
210 174 63
212 194 63
217 214 63
218 234 63
215 254 63
206 273 63
190 289 63
186 309 63
187 329 63
191 349 63
198 369 63
217 378 63
237 392 63
255 410 63
275 421 63
295 426 63
315 426 63
335 420 63
355 411 63
374 394 63
388 374 63
396 354 63
404 336 63
405 316 63
408 297 63
411 278 63
412 258 63
412 238 63
411 220 63
410 202 63
404 183 63
399 163 63
392 143 63
377 123 63
357 108 63
337 97 63
317 90 63
297 92 63
277 91 63
257 86 63
309 68 46
289 75 46
269 86 46
254 103 46
235 115 46
223 135 46
219 155 46
220 175 46
224 195 46
226 215 46
226 235 46
209 250 46
194 270 46
188 290 46
186 310 46
187 330 46
189 350 46
198 370 46
217 384 46
232 403 46
250 420 46
270 437 46
290 442 46
310 439 46
330 432 46
350 416 46
363 396 46
378 376 46
390 356 46
397 336 46
400 316 46
402 296 46
402 276 46
405 256 46
408 236 46
408 216 46
406 196 46
403 176 46
399 156 46
394 136 46
386 116 46
371 96 46
351 81 46
331 72 46
311 68 46
322 121 91
302 126 91
282 137 91
262 151 91
242 169 91
226 189 91
216 209 91
212 229 91
211 249 91
212 269 91
209 289 91
210 309 91
215 329 91
224 349 91
235 369 91
249 389 91
269 407 91
289 417 91
309 421 91
329 422 91
349 418 91
369 407 91
385 388 91
393 368 91
399 348 91
403 328 91
403 308 91
393 288 91
401 268 91
409 248 91
411 228 91
409 208 91
406 188 91
401 168 91
390 148 91
370 131 91
350 123 91
330 121 91
350 91 109
330 99 109
310 111 109
290 121 109
270 133 109
250 147 109
233 166 109
221 186 109
213 206 109
208 226 109
206 246 109
204 266 109
204 286 109
206 306 109
211 326 109
219 346 109
229 366 109
240 386 109
252 405 109
271 424 109
291 435 109
311 447 109
331 453 109
351 451 109
371 440 109
381 420 109
385 400 109
391 380 109
398 360 109
403 340 109
406 320 109
405 300 109
403 280 109
412 260 109
413 240 109
412 220 109
410 200 109
408 180 109
403 160 109
397 140 109
389 120 109
378 100 109
358 91 109
348 83 114
328 88 114
308 99 114
288 111 114
268 123 114
253 142 114
242 162 114
232 182 114
223 202 114
217 222 114
213 242 114
211 262 114
211 282 114
213 302 114
216 322 114
221 342 114
226 362 114
230 382 114
237 402 114
252 422 114
272 437 114
292 448 114
312 456 114
332 460 114
352 458 114
372 446 114
380 426 114
384 406 114
389 386 114
396 366 114
403 346 114
407 326 114
410 306 114
411 286 114
413 266 114
414 249 114
413 229 114
412 209 114
409 189 114
405 169 114
400 149 114
392 129 114
385 109 114
373 90 114
353 83 114
335 116 96
315 121 96
295 128 96
275 140 96
255 157 96
240 177 96
226 197 96
217 217 96
213 237 96
214 257 96
213 277 96
211 297 96
213 317 96
220 337 96
230 357 96
243 377 96
259 397 96
279 413 96
299 422 96
319 428 96
339 427 96
359 418 96
378 400 96
389 380 96
396 360 96
400 340 96
400 320 96
395 300 96
390 280 96
401 260 96
408 240 96
410 220 96
409 200 96
406 180 96
400 160 96
387 140 96
367 123 96
347 116 96
348 89 110
328 96 110
308 109 110
288 119 110
268 135 110
248 150 110
231 170 110
220 190 110
212 210 110
208 230 110
205 250 110
204 270 110
205 290 110
207 310 110
213 330 110
221 350 110
231 370 110
240 389 110
252 408 110
270 426 110
290 437 110
310 448 110
330 455 110
350 453 110
370 443 110
380 423 110
385 403 110
390 383 110
397 363 110
402 343 110
406 323 110
408 303 110
404 283 110
412 263 110
413 243 110
412 223 110
411 203 110
408 183 110
404 163 110
398 143 110
390 123 110
382 103 110
363 90 110
349 82 115
329 87 115
309 97 115
289 109 115
269 120 115
253 138 115
242 158 115
233 178 115
225 198 115
219 218 115
215 238 115
213 258 115
212 278 115
213 298 115
215 318 115
218 338 115
223 358 115
227 378 115
233 398 115
245 418 115
265 435 115
285 447 115
305 456 115
325 460 115
345 461 115
365 453 115
378 434 115
382 414 115
387 394 115
394 374 115
400 354 115
406 334 115
409 314 115
411 294 115
413 274 115
414 257 115
414 240 115
414 223 115
412 206 115
409 186 115
405 166 115
399 146 115
391 126 115
384 106 115
371 88 115
351 82 115
347 76 120
327 82 120
307 92 120
288 105 120
268 118 120
249 135 120
237 155 120
230 175 120
223 195 120
218 215 120
215 235 120
213 255 120
211 275 120
210 295 120
211 315 120
215 335 120
219 355 120
219 375 120
224 395 120
238 415 120
258 434 120
278 448 120
298 458 120
318 463 120
338 466 120
358 462 120
376 446 120
379 426 120
384 406 120
390 386 120
397 366 120
404 348 120
410 330 120
413 310 120
415 290 120
417 270 120
419 250 120
417 230 120
415 210 120
410 192 120
406 172 120
401 152 120
393 132 120
387 112 120
379 92 120
361 78 120
349 71 125
329 77 125
309 85 125
289 99 125
269 118 125
249 136 125
237 156 125
230 176 125
225 196 125
220 216 125
217 236 125
216 256 125
213 276 125
211 296 125
213 316 125
217 336 125
217 356 125
217 376 125
225 396 125
237 416 125
251 436 125
270 452 125
290 461 125
310 467 125
330 470 125
350 467 125
370 455 125
379 436 125
381 416 125
386 396 125
393 376 125
400 358 125
406 340 125
412 322 125
416 302 125
418 282 125
420 262 125
419 242 125
416 222 125
411 204 125
408 184 125
404 164 125
398 144 125
390 124 125
385 104 125
379 84 125
360 71 125
352 70 130
332 75 130
312 82 130
292 94 130
274 114 130
255 134 130
242 154 130
234 174 130
229 194 130
224 214 130
221 234 130
219 254 130
217 274 130
215 294 130
216 314 130
218 334 130
218 354 130
221 374 130
225 394 130
233 414 130
243 434 130
261 451 130
281 461 130
301 468 130
321 471 130
341 471 130
361 465 130
376 445 130
379 425 130
384 405 130
390 385 130
398 366 130
405 349 130
410 329 130
414 309 130
414 290 130
419 272 130
418 252 130
416 232 130
414 212 130
412 192 130
408 172 130
403 152 130
396 132 130
390 112 130
385 92 130
373 75 130
353 70 130
246 96 68
229 111 68
220 131 68
215 151 68
212 171 68
218 191 68
223 211 68
218 231 68
215 251 68
212 271 68
209 291 68
209 311 68
213 331 68
219 351 68
230 371 68
242 391 68
261 407 68
281 417 68
301 422 68
321 422 68
341 417 68
361 408 68
380 391 68
391 371 68
398 352 68
404 334 68
408 314 68
408 295 68
409 277 68
413 258 68
412 238 68
412 220 68
409 201 68
404 182 68
399 162 68
389 142 68
370 125 68
350 114 68
330 107 68
310 104 68
290 109 68
270 107 68
250 96 68
352 72 135
332 76 135
312 81 135
292 89 135
272 106 135
259 126 135
249 146 135
244 166 135
236 186 135
229 206 135
225 226 135
222 246 135
220 266 135
219 286 135
219 306 135
220 326 135
223 346 135
222 366 135
221 386 135
224 406 135
231 426 135
247 446 135
267 459 135
287 467 135
307 472 135
327 471 135
347 469 135
367 462 135
377 443 135
380 423 135
387 405 135
393 385 135
399 365 135
405 345 135
409 325 135
413 305 135
415 285 135
416 265 135
416 245 135
415 225 135
413 205 135
411 185 135
405 167 135
401 147 135
394 127 135
389 107 135
383 87 135
367 74 135
308 70 150
288 76 150
268 87 150
250 105 150
242 125 150
239 145 150
239 165 150
241 185 150
246 205 150
255 225 150
273 240 150
284 252 150
264 252 150
275 267 150
262 275 150
265 294 150
245 306 150
231 325 150
223 345 150
218 365 150
214 385 150
213 405 150
218 425 150
230 445 150
249 462 150
269 470 150
289 473 150
309 470 150
329 460 150
348 441 150
367 430 150
383 415 150
389 395 150
390 375 150
391 355 150
396 335 150
393 315 150
375 300 150
355 297 150
335 295 150
337 281 150
354 276 150
374 279 150
394 273 150
405 254 150
406 234 150
411 214 150
411 194 150
408 174 150
402 154 150
395 134 150
388 116 150
375 96 150
355 83 150
335 75 150
315 71 150
358 106 105
338 111 105
318 113 105
298 116 105
278 124 105
258 140 105
239 160 105
225 180 105
215 200 105
209 220 105
207 240 105
208 260 105
204 280 105
205 300 105
209 320 105
216 340 105
225 360 105
237 380 105
250 400 105
270 416 105
290 423 105
310 426 105
328 434 105
345 439 105
365 435 105
380 416 105
386 396 105
392 376 105
398 356 105
402 336 105
404 316 105
401 296 105
402 276 105
409 256 105
411 236 105
411 216 105
409 196 105
407 176 105
402 156 105
395 136 105
385 116 105
365 106 105
321 164 20
307 181 20
288 194 20
268 194 20
249 208 20
236 227 20
221 222 20
201 222 20
183 233 20
193 251 20
211 248 20
230 252 20
242 271 20
255 289 20
275 297 20
294 312 20
304 332 20
308 352 20
295 343 20
282 324 20
262 313 20
244 328 20
236 348 20
222 364 20
204 374 20
202 394 20
197 414 20
205 434 20
225 446 20
245 442 20
265 436 20
284 424 20
304 411 20
320 394 20
326 374 20
332 355 20
331 335 20
331 315 20
333 295 20
338 275 20
345 255 20
341 235 20
337 215 20
331 195 20
323 176 20
248 43 25
228 49 25
211 65 25
207 85 25
216 105 25
232 118 25
250 127 25
254 146 25
264 166 25
279 175 25
293 184 25
277 197 25
257 205 25
244 224 25
238 244 25
242 264 25
252 284 25
260 302 25
240 296 25
232 314 25
228 334 25
228 354 25
220 374 25
217 394 25
215 414 25
220 434 25
239 447 25
259 445 25
275 437 25
295 429 25
315 417 25
334 399 25
342 381 25
345 361 25
345 341 25
346 321 25
349 301 25
352 281 25
355 261 25
356 241 25
356 221 25
356 201 25
355 181 25
355 161 25
356 141 25
352 123 25
349 105 25
335 87 25
315 72 25
301 63 25
281 53 25
262 45 25
291 64 40
271 73 40
256 89 40
246 108 40
238 128 40
229 148 40
231 168 40
234 188 40
235 208 40
234 228 40
229 247 40
212 259 40
200 279 40
195 299 40
194 319 40
196 339 40
205 359 40
220 377 40
232 397 40
236 417 40
253 435 40
273 444 40
293 442 40
313 437 40
333 429 40
352 412 40
365 392 40
377 372 40
386 352 40
390 332 40
390 312 40
390 292 40
390 272 40
392 252 40
396 232 40
401 212 40
403 192 40
401 172 40
400 152 40
394 134 40
385 114 40
367 94 40
347 81 40
327 70 40
307 65 40
301 68 45
281 76 45
263 90 45
250 109 45
231 122 45
222 142 45
220 162 45
223 182 45
227 202 45
227 222 45
224 242 45
204 256 45
193 276 45
188 296 45
187 316 45
188 336 45
192 356 45
206 375 45
225 390 45
239 408 45
255 427 45
275 440 45
295 443 45
315 438 45
335 430 45
353 412 45
366 392 45
380 372 45
390 352 45
396 332 45
399 312 45
400 292 45
401 272 45
404 252 45
407 232 45
408 212 45
406 192 45
402 172 45
399 152 45
392 132 45
384 112 45
367 93 45
347 79 45
327 71 45
307 68 45
316 73 50
296 77 50
276 84 50
258 96 50
238 103 50
222 121 50
215 141 50
213 161 50
214 181 50
218 201 50
221 221 50
220 241 50
200 255 50
188 275 50
185 295 50
183 315 50
184 335 50
187 355 50
195 375 50
213 388 50
232 403 50
251 417 50
271 432 50
291 439 50
311 437 50
331 429 50
351 414 50
367 394 50
382 374 50
393 354 50
400 334 50
404 314 50
407 294 50
408 274 50
409 254 50
409 237 50
409 217 50
407 197 50
403 177 50
398 157 50
392 137 50
385 117 50
371 97 50
351 82 50
331 75 50
298 80 55
278 89 55
258 87 55
238 94 55
222 112 55
215 132 55
212 152 55
210 172 55
212 192 55
217 212 55
220 232 55
211 249 55
192 264 55
186 284 55
184 304 55
185 324 55
186 344 55
190 364 55
201 384 55
220 393 55
240 409 55
260 421 55
280 431 55
300 434 55
320 429 55
340 420 55
360 405 55
376 385 55
388 365 55
398 345 55
403 325 55
406 305 55
408 285 55
411 266 55
410 248 55
412 229 55
411 211 55
406 192 55
402 172 55
396 152 55
389 132 55
379 112 55
361 94 55
341 85 55
321 81 55
301 80 55
255 83 60
235 91 60
220 110 60
215 130 60
209 150 60
207 170 60
209 190 60
214 210 60
218 230 60
215 250 60
199 265 60
186 284 60
183 304 60
183 324 60
186 344 60
191 364 60
202 383 60
222 389 60
241 404 60
261 419 60
281 426 60
301 430 60
321 426 60
341 418 60
361 405 60
379 385 60
391 365 60
399 345 60
403 327 60
406 309 60
408 289 60
412 271 60
412 253 60
410 234 60
409 216 60
407 199 60
403 179 60
398 159 60
390 139 60
376 119 60
356 102 60
336 91 60
316 85 60
296 86 60
276 87 60
256 83 60
