1 1 148 51
1 1 147 52
1 1 146 52
1 1 145 52
1 1 144 52
1 1 143 52
1 1 142 53
1 1 141 53
1 1 140 53
1 1 139 53
1 1 138 54
1 1 137 54
1 1 136 54
1 1 135 55
1 1 134 55
1 1 133 56
1 1 132 56
1 1 131 57
1 1 130 57
1 1 129 58
1 1 128 58
1 1 127 59
1 1 126 60
1 1 125 60
1 1 124 61
1 1 123 62
1 1 122 63
1 1 121 64
1 1 120 65
1 1 119 66
1 1 119 67
1 1 118 68
1 1 117 69
1 1 117 70
1 1 117 71
1 1 116 72
1 1 116 73
1 1 115 74
1 1 115 75
1 1 115 76
1 1 114 77
1 1 114 78
1 1 114 79
1 1 114 80
1 1 113 81
1 1 113 82
1 1 113 83
1 1 113 84
1 1 113 85
1 1 114 86
1 1 114 87
1 1 114 88
1 1 115 89
1 1 116 90
1 1 116 91
1 1 117 92
1 1 118 93
1 1 119 94
1 1 120 95
1 1 121 96
1 1 122 97
1 1 123 98
1 1 124 99
1 1 125 99
1 1 126 100
1 1 127 100
1 1 128 101
1 1 129 102
1 1 130 102
1 1 131 103
1 1 132 103
1 1 133 104
1 1 134 104
1 1 135 104
1 1 136 105
1 1 137 105
1 1 138 106
1 1 139 106
1 1 140 106
1 1 141 106
1 1 142 107
1 1 143 107
1 1 144 107
1 1 145 108
1 1 146 108
1 1 147 108
1 1 148 109
1 1 149 109
1 1 150 109
1 1 151 110
1 1 152 110
1 1 153 110
1 1 154 110
1 1 155 111
1 1 156 111
1 1 157 111
1 1 158 111
1 1 159 112
1 1 160 112
1 1 161 112
1 1 162 112
1 1 163 113
1 1 164 113
1 1 165 113
1 1 166 113
1 1 167 114
1 1 168 114
1 1 169 114
1 1 170 114
1 1 171 115
1 1 172 115
1 1 173 115
1 1 174 115
1 1 175 115
1 1 176 115
1 1 177 115
1 1 178 116
1 1 179 116
1 1 180 116
1 1 181 116
1 1 182 116
1 1 183 116
1 1 184 116
1 1 185 117
1 1 186 117
1 1 187 117
1 1 188 117
1 1 189 117
1 1 190 116
1 1 191 116
1 1 192 116
1 1 193 116
1 1 194 116
1 1 195 115
1 1 196 115
1 1 197 114
1 1 198 114
1 1 199 113
1 1 200 113
1 1 201 112
1 1 202 111
1 1 203 110
1 1 204 110
1 1 205 109
1 1 205 108
1 1 206 107
1 1 207 106
1 1 208 105
1 1 208 104
1 1 209 103
1 1 209 102
1 1 210 101
1 1 210 100
1 1 211 99
1 1 211 98
1 1 211 97
1 1 212 96
1 1 212 95
1 1 212 94
1 1 212 93
1 1 213 92
1 1 212 91
1 1 212 90
1 1 212 89
1 1 212 88
1 1 211 87
1 1 211 86
1 1 211 85
1 1 210 84
1 1 210 83
1 1 209 82
1 1 209 81
1 1 208 80
1 1 208 79
1 1 207 78
1 1 206 77
1 1 206 76
1 1 205 75
1 1 204 74
1 1 203 73
1 1 202 72
1 1 201 71
1 1 200 70
1 1 199 69
1 1 198 68
1 1 197 67
1 1 196 67
1 1 195 66
1 1 194 65
1 1 193 65
1 1 192 64
1 1 191 63
1 1 190 63
1 1 189 62
1 1 188 62
1 1 187 61
1 1 186 61
1 1 185 60
1 1 184 60
1 1 183 60
1 1 182 59
1 1 181 59
1 1 180 58
1 1 179 58
1 1 178 58
1 1 177 57
1 1 176 57
1 1 175 56
1 1 174 56
1 1 173 55
1 1 172 55
1 1 171 55
1 1 170 54
1 1 169 54
1 1 168 54
1 1 167 53
1 1 166 53
1 1 165 53
1 1 164 52
1 1 163 52
1 1 162 52
1 1 161 52
1 1 160 51
1 1 159 51
1 1 158 51
1 1 157 51
1 1 156 51
1 1 155 51
1 1 154 51
1 1 153 51
1 1 152 51
1 1 151 51
1 1 150 51
1 1 149 51
1 1 148 51
1 2 210 165
1 2 209 166
1 2 208 166
1 2 207 166
1 2 206 166
1 2 205 167
1 2 204 167
1 2 203 167
1 2 202 168
1 2 201 168
1 2 200 169
1 2 199 169
1 2 198 170
1 2 197 170
1 2 196 171
1 2 195 171
1 2 194 172
1 2 193 172
1 2 192 173
1 2 191 173
1 2 190 174
1 2 189 174
1 2 188 175
1 2 187 176
1 2 186 176
1 2 185 177
1 2 184 177
1 2 183 178
1 2 182 178
1 2 181 179
1 2 180 179
1 2 179 180
1 2 178 181
1 2 177 181
1 2 176 182
1 2 175 183
1 2 174 183
1 2 173 184
1 2 172 185
1 2 171 185
1 2 170 186
1 2 169 187
1 2 168 188
1 2 167 189
1 2 167 190
1 2 166 191
1 2 166 192
1 2 165 193
1 2 165 194
1 2 165 195
1 2 165 196
1 2 165 197
1 2 165 198
1 2 166 199
1 2 166 200
1 2 167 201
1 2 167 202
1 2 168 203
1 2 168 204
1 2 168 205
1 2 168 206
1 2 168 207
1 2 168 208
1 2 168 209
1 2 168 210
1 2 168 211
1 2 168 212
1 2 168 213
1 2 168 214
1 2 167 215
1 2 166 216
1 2 167 216
1 2 168 216
1 2 168 215
1 2 168 214
1 2 168 213
1 2 169 212
1 2 170 211
1 2 171 211
1 2 172 211
1 2 173 211
1 2 174 211
1 2 175 211
1 2 176 211
1 2 177 211
1 2 178 212
1 2 179 212
1 2 180 211
1 2 181 211
1 2 182 211
1 2 183 211
1 2 184 211
1 2 185 211
1 2 186 211
1 2 187 211
1 2 188 211
1 2 189 211
1 2 190 211
1 2 191 211
1 2 192 212
1 2 192 211
1 2 192 210
1 2 193 209
1 2 194 209
1 2 195 209
1 2 196 209
1 2 197 209
1 2 198 209
1 2 199 209
1 2 200 209
1 2 201 210
1 2 201 211
1 2 201 212
1 2 201 213
1 2 201 214
1 2 201 215
1 2 201 216
1 2 201 217
1 2 200 218
1 2 199 218
1 2 198 218
1 2 198 219
1 2 198 220
1 2 197 221
1 2 196 221
1 2 195 221
1 2 194 221
1 2 193 221
1 2 192 221
1 2 191 221
1 2 190 222
1 2 191 222
1 2 192 222
1 2 193 222
1 2 194 222
1 2 195 221
1 2 196 221
1 2 197 221
1 2 198 221
1 2 199 220
1 2 200 220
1 2 201 220
1 2 202 220
1 2 203 220
1 2 204 220
1 2 205 220
1 2 206 220
1 2 207 220
1 2 208 221
1 2 208 222
1 2 208 223
1 2 208 224
1 2 208 225
1 2 209 225
1 2 210 225
1 2 211 225
1 2 212 226
1 2 213 226
1 2 214 227
1 2 214 228
1 2 214 229
1 2 214 230
1 2 214 231
1 2 214 232
1 2 214 233
1 2 214 234
1 2 213 235
1 2 212 236
1 2 211 236
1 2 211 237
1 2 211 238
1 2 211 239
1 2 211 240
1 2 211 241
1 2 210 242
1 2 209 242
1 2 208 242
1 2 207 242
1 2 206 242
1 2 205 242
1 2 204 242
1 2 203 242
1 2 204 242
1 2 205 243
1 2 205 244
1 2 205 245
1 2 205 246
1 2 205 247
1 2 205 248
1 2 205 249
1 2 205 250
1 2 204 251
1 2 204 252
1 2 203 253
1 2 202 254
1 2 201 255
1 2 200 256
1 2 199 256
1 2 198 257
1 2 197 257
1 2 196 257
1 2 195 257
1 2 194 257
1 2 193 257
1 2 192 257
1 2 191 257
1 2 190 257
1 2 189 257
1 2 188 257
1 2 187 256
1 2 187 255
1 2 186 254
1 2 186 253
1 2 186 252
1 2 186 251
1 2 186 250
1 2 186 249
1 2 186 248
1 2 186 247
1 2 185 247
1 2 184 247
1 2 183 246
1 2 183 245
1 2 183 244
1 2 182 244
1 2 181 244
1 2 180 244
1 2 179 244
1 2 178 243
1 2 177 242
1 2 177 241
1 2 177 240
1 2 177 239
1 2 176 239
1 2 175 239
1 2 174 239
1 2 173 239
1 2 172 239
1 2 171 239
1 2 170 238
1 2 170 237
1 2 169 237
1 2 168 237
1 2 167 237
1 2 167 238
1 2 167 239
1 2 167 240
1 2 167 241
1 2 167 242
1 2 167 243
1 2 166 244
1 2 166 245
1 2 165 246
1 2 164 247
1 2 163 248
1 2 162 249
1 2 162 250
1 2 161 251
1 2 160 252
1 2 160 253
1 2 159 254
1 2 159 255
1 2 158 256
1 2 159 256
1 2 160 256
1 2 161 256
1 2 162 256
1 2 163 257
1 2 163 258
1 2 164 259
1 2 165 259
1 2 166 260
1 2 166 261
1 2 166 262
1 2 167 263
1 2 167 264
1 2 168 264
1 2 169 265
1 2 170 266
1 2 170 267
1 2 171 268
1 2 171 269
1 2 171 270
1 2 172 271
1 2 172 272
1 2 172 273
1 2 173 274
1 2 173 275
1 2 173 276
1 2 174 277
1 2 174 278
1 2 174 279
1 2 175 280
1 2 175 281
1 2 176 282
1 2 177 283
1 2 178 284
1 2 179 285
1 2 180 286
1 2 181 287
1 2 182 288
1 2 183 289
1 2 184 289
1 2 185 290
1 2 186 290
1 2 187 291
1 2 188 291
1 2 189 292
1 2 190 292
1 2 191 293
1 2 192 293
1 2 193 294
1 2 194 294
1 2 195 295
1 2 196 295
1 2 197 295
1 2 198 296
1 2 199 296
1 2 200 296
1 2 201 297
1 2 202 297
1 2 203 297
1 2 204 297
1 2 205 298
1 2 206 298
1 2 207 298
1 2 208 298
1 2 209 299
1 2 210 299
1 2 211 299
1 2 212 299
1 2 213 299
1 2 214 300
1 2 215 300
1 2 216 300
1 2 217 300
1 2 218 301
1 2 219 301
1 2 220 301
1 2 221 301
1 2 222 302
1 2 223 302
1 2 224 302
1 2 225 302
1 2 226 302
1 2 227 303
1 2 228 303
1 2 229 303
1 2 230 303
1 2 231 304
1 2 232 304
1 2 233 304
1 2 234 305
1 2 235 305
1 2 236 305
1 2 237 305
1 2 238 305
1 2 239 305
1 2 240 305
1 2 241 305
1 2 242 305
1 2 243 305
1 2 244 305
1 2 245 305
1 2 246 305
1 2 247 305
1 2 248 305
1 2 249 306
1 2 250 307
1 2 251 308
1 2 252 309
1 2 253 310
1 2 254 311
1 2 255 311
1 2 256 311
1 2 257 311
1 2 258 311
1 2 257 311
1 2 256 311
1 2 255 310
1 2 254 310
1 2 253 310
1 2 252 309
1 2 251 308
1 2 251 307
1 2 251 306
1 2 251 305
1 2 251 304
1 2 251 303
1 2 251 302
1 2 251 301
1 2 251 300
1 2 251 299
1 2 251 298
1 2 252 297
1 2 253 296
1 2 254 296
1 2 255 296
1 2 256 296
1 2 257 296
1 2 258 296
1 2 259 296
1 2 260 296
1 2 261 296
1 2 262 297
1 2 263 297
1 2 264 297
1 2 265 297
1 2 266 296
1 2 267 296
1 2 268 295
1 2 269 295
1 2 270 294
1 2 271 294
1 2 272 293
1 2 273 293
1 2 274 293
1 2 275 292
1 2 276 292
1 2 277 291
1 2 278 291
1 2 279 290
1 2 280 290
1 2 281 289
1 2 282 288
1 2 283 288
1 2 284 287
1 2 285 287
1 2 286 286
1 2 287 286
1 2 288 286
1 2 289 286
1 2 290 285
1 2 291 285
1 2 292 285
1 2 293 285
1 2 294 284
1 2 295 284
1 2 296 283
1 2 297 282
1 2 298 281
1 2 299 281
1 2 300 281
1 2 301 280
1 2 302 279
1 2 302 278
1 2 303 277
1 2 303 276
1 2 303 275
1 2 304 274
1 2 304 273
1 2 305 272
1 2 306 271
1 2 306 270
1 2 307 269
1 2 307 268
1 2 308 267
1 2 308 266
1 2 309 265
1 2 309 264
1 2 310 263
1 2 310 262
1 2 311 261
1 2 311 260
1 2 311 259
1 2 312 258
1 2 312 257
1 2 313 256
1 2 314 255
1 2 314 254
1 2 314 253
1 2 314 252
1 2 314 251
1 2 314 250
1 2 314 249
1 2 314 248
1 2 315 247
1 2 315 246
1 2 315 245
1 2 315 244
1 2 315 243
1 2 316 242
1 2 316 241
1 2 316 240
1 2 316 239
1 2 316 238
1 2 316 237
1 2 316 236
1 2 316 235
1 2 316 234
1 2 316 233
1 2 316 232
1 2 316 231
1 2 316 230
1 2 316 229
1 2 317 228
1 2 317 227
1 2 316 226
1 2 316 225
1 2 316 224
1 2 316 223
1 2 316 222
1 2 315 221
1 2 315 220
1 2 315 219
1 2 314 218
1 2 314 217
1 2 314 216
1 2 314 215
1 2 314 214
1 2 313 213
1 2 313 212
1 2 313 211
1 2 313 210
1 2 313 209
1 2 312 208
1 2 312 207
1 2 311 206
1 2 310 205
1 2 310 204
1 2 309 203
1 2 308 202
1 2 308 201
1 2 307 200
1 2 307 199
1 2 306 198
1 2 305 197
1 2 305 196
1 2 305 195
1 2 305 194
1 2 304 193
1 2 304 192
1 2 303 192
1 2 302 192
1 2 301 191
1 2 300 191
1 2 299 191
1 2 298 190
1 2 297 190
1 2 296 189
1 2 295 188
1 2 294 188
1 2 293 187
1 2 292 187
1 2 291 186
1 2 290 185
1 2 289 185
1 2 288 185
1 2 287 184
1 2 287 183
1 2 286 183
1 2 285 183
1 2 284 182
1 2 283 181
1 2 282 181
1 2 281 181
1 2 280 180
1 2 279 180
1 2 278 179
1 2 277 179
1 2 276 178
1 2 275 178
1 2 274 178
1 2 273 178
1 2 272 178
1 2 271 178
1 2 270 177
1 2 270 176
1 2 270 175
1 2 269 175
1 2 268 175
1 2 267 175
1 2 266 175
1 2 265 175
1 2 264 175
1 2 263 175
1 2 262 176
1 2 261 176
1 2 260 177
1 2 260 178
1 2 260 179
1 2 259 180
1 2 258 180
1 2 257 180
1 2 256 180
1 2 255 180
1 2 254 180
1 2 253 180
1 2 252 180
1 2 251 179
1 2 250 178
1 2 250 177
1 2 250 176
1 2 250 175
1 2 250 174
1 2 250 173
1 2 250 172
1 2 250 171
1 2 250 170
1 2 250 169
1 2 250 168
1 2 251 167
1 2 251 166
1 2 252 165
1 2 251 166
1 2 250 166
1 2 249 166
1 2 248 166
1 2 247 166
1 2 246 166
1 2 245 166
1 2 244 166
1 2 243 166
1 2 242 166
1 2 241 167
1 2 240 167
1 2 239 167
1 2 238 167
1 2 237 167
1 2 236 167
1 2 235 167
1 2 234 167
1 2 233 167
1 2 232 167
1 2 231 167
1 2 230 167
1 2 229 167
1 2 228 167
1 2 227 167
1 2 226 167
1 2 225 166
1 2 224 166
1 2 223 166
1 2 222 166
1 2 221 166
1 2 220 166
1 2 219 166
1 2 218 165
1 2 217 165
1 2 216 165
1 2 215 165
1 2 214 165
1 2 213 165
1 2 212 165
1 2 211 165
1 2 210 165
1 7 194 348
1 7 193 349
1 7 192 349
1 7 191 349
1 7 190 349
1 7 189 349
1 7 188 350
1 7 187 350
1 7 186 350
1 7 185 351
1 7 184 351
1 7 183 352
1 7 182 352
1 7 181 353
1 7 180 353
1 7 179 354
1 7 178 354
1 7 177 355
1 7 176 355
1 7 175 356
1 7 174 357
1 7 173 357
1 7 172 358
1 7 171 359
1 7 170 359
1 7 169 360
1 7 168 361
1 7 167 362
1 7 166 362
1 7 165 363
1 7 164 364
1 7 163 365
1 7 162 365
1 7 161 366
1 7 160 367
1 7 159 368
1 7 158 369
1 7 157 370
1 7 156 371
1 7 155 372
1 7 154 373
1 7 153 374
1 7 152 375
1 7 152 376
1 7 151 377
1 7 150 378
1 7 150 379
1 7 149 380
1 7 148 381
1 7 148 382
1 7 147 383
1 7 147 384
1 7 146 385
1 7 146 386
1 7 145 387
1 7 145 388
1 7 145 389
1 7 144 390
1 7 144 391
1 7 144 392
1 7 144 393
1 7 143 394
1 7 143 395
1 7 143 396
1 7 143 397
1 7 143 398
1 7 143 399
1 7 144 400
1 7 144 401
1 7 144 402
1 7 145 403
1 7 145 404
1 7 145 405
1 7 146 406
1 7 146 407
1 7 147 408
1 7 147 409
1 7 148 410
1 7 149 411
1 7 150 412
1 7 151 413
1 7 151 414
1 7 152 414
1 7 153 415
1 7 154 416
1 7 155 417
1 7 156 418
1 7 157 418
1 7 158 419
1 7 159 419
1 7 160 420
1 7 161 421
1 7 162 421
1 7 163 422
1 7 164 422
1 7 165 423
1 7 166 423
1 7 167 423
1 7 168 424
1 7 169 424
1 7 170 424
1 7 171 425
1 7 172 425
1 7 173 425
1 7 174 426
1 7 175 426
1 7 176 426
1 7 177 426
1 7 178 426
1 7 179 427
1 7 180 427
1 7 181 427
1 7 182 427
1 7 183 426
1 7 184 426
1 7 185 426
1 7 186 426
1 7 187 426
1 7 188 425
1 7 189 425
1 7 190 424
1 7 191 424
1 7 192 424
1 7 193 423
1 7 194 423
1 7 195 423
1 7 196 423
1 7 197 423
1 7 198 423
1 7 199 423
1 7 200 422
1 7 201 422
1 7 202 422
1 7 203 422
1 7 204 421
1 7 205 421
1 7 206 420
1 7 207 420
1 7 208 419
1 7 209 419
1 7 210 418
1 7 211 417
1 7 212 417
1 7 213 416
1 7 214 416
1 7 214 415
1 7 215 414
1 7 216 414
1 7 216 413
1 7 217 412
1 7 218 411
1 7 219 410
1 7 220 409
1 7 221 408
1 7 221 407
1 7 222 406
1 7 223 405
1 7 223 404
1 7 224 403
1 7 224 402
1 7 225 401
1 7 225 400
1 7 225 399
1 7 226 398
1 7 226 397
1 7 226 396
1 7 226 395
1 7 227 394
1 7 227 393
1 7 227 392
1 7 227 391
1 7 227 390
1 7 227 389
1 7 227 388
1 7 228 387
1 7 228 386
1 7 227 385
1 7 227 384
1 7 227 383
1 7 227 382
1 7 227 381
1 7 227 380
1 7 226 379
1 7 226 378
1 7 225 377
1 7 225 376
1 7 225 375
1 7 224 374
1 7 224 373
1 7 223 372
1 7 222 371
1 7 221 370
1 7 221 369
1 7 220 368
1 7 219 367
1 7 218 366
1 7 217 365
1 7 216 364
1 7 215 363
1 7 214 362
1 7 213 361
1 7 213 360
1 7 212 359
1 7 212 358
1 7 211 357
1 7 210 356
1 7 210 355
1 7 209 354
1 7 208 353
1 7 207 353
1 7 206 352
1 7 205 351
1 7 204 351
1 7 203 350
1 7 202 350
1 7 201 349
1 7 200 349
1 7 199 349
1 7 198 349
1 7 197 349
1 7 196 348
1 7 195 348
1 7 194 348