2 1 153 51
2 1 152 52
2 1 151 52
2 1 150 52
2 1 149 52
2 1 148 52
2 1 147 52
2 1 146 53
2 1 145 53
2 1 144 53
2 1 143 53
2 1 142 54
2 1 141 54
2 1 140 54
2 1 139 55
2 1 138 55
2 1 137 56
2 1 136 56
2 1 135 57
2 1 134 57
2 1 133 58
2 1 132 58
2 1 131 59
2 1 130 60
2 1 129 60
2 1 128 61
2 1 127 62
2 1 126 63
2 1 125 64
2 1 124 65
2 1 123 66
2 1 122 67
2 1 122 68
2 1 121 69
2 1 121 70
2 1 120 71
2 1 120 72
2 1 119 73
2 1 119 74
2 1 119 75
2 1 118 76
2 1 118 77
2 1 118 78
2 1 118 79
2 1 117 80
2 1 117 81
2 1 117 82
2 1 118 83
2 1 118 84
2 1 118 85
2 1 119 86
2 1 119 87
2 1 119 88
2 1 120 89
2 1 121 90
2 1 122 91
2 1 122 92
2 1 123 93
2 1 124 94
2 1 125 95
2 1 126 96
2 1 127 97
2 1 128 98
2 1 129 99
2 1 130 99
2 1 131 100
2 1 132 101
2 1 133 101
2 1 134 102
2 1 135 103
2 1 136 103
2 1 137 104
2 1 138 104
2 1 139 104
2 1 140 105
2 1 141 105
2 1 142 105
2 1 143 106
2 1 144 106
2 1 145 107
2 1 146 107
2 1 147 107
2 1 148 107
2 1 149 108
2 1 150 108
2 1 151 108
2 1 152 109
2 1 153 109
2 1 154 109
2 1 155 110
2 1 156 110
2 1 157 110
2 1 158 111
2 1 159 111
2 1 160 111
2 1 161 112
2 1 162 112
2 1 163 112
2 1 164 113
2 1 165 113
2 1 166 113
2 1 167 114
2 1 168 114
2 1 169 114
2 1 170 115
2 1 171 115
2 1 172 115
2 1 173 115
2 1 174 116
2 1 175 116
2 1 176 116
2 1 177 116
2 1 178 117
2 1 179 117
2 1 180 117
2 1 181 117
2 1 182 118
2 1 183 118
2 1 184 118
2 1 185 118
2 1 186 118
2 1 187 119
2 1 188 119
2 1 189 119
2 1 190 119
2 1 191 119
2 1 192 119
2 1 193 119
2 1 194 118
2 1 195 118
2 1 196 118
2 1 197 118
2 1 198 117
2 1 199 117
2 1 200 116
2 1 201 116
2 1 202 115
2 1 203 115
2 1 204 114
2 1 205 113
2 1 206 112
2 1 207 111
2 1 208 110
2 1 209 109
2 1 210 108
2 1 211 107
2 1 212 106
2 1 212 105
2 1 213 104
2 1 214 103
2 1 214 102
2 1 215 101
2 1 215 100
2 1 216 99
2 1 216 98
2 1 216 97
2 1 216 96
2 1 217 95
2 1 217 94
2 1 217 93
2 1 217 92
2 1 217 91
2 1 217 90
2 1 217 89
2 1 217 88
2 1 217 87
2 1 216 86
2 1 216 85
2 1 216 84
2 1 215 83
2 1 215 82
2 1 214 81
2 1 213 80
2 1 213 79
2 1 212 78
2 1 212 77
2 1 211 76
2 1 210 75
2 1 209 74
2 1 208 73
2 1 207 72
2 1 206 71
2 1 205 70
2 1 204 69
2 1 203 68
2 1 202 67
2 1 201 66
2 1 200 65
2 1 199 64
2 1 198 64
2 1 197 63
2 1 196 63
2 1 195 62
2 1 194 61
2 1 193 61
2 1 192 60
2 1 191 60
2 1 190 59
2 1 189 59
2 1 188 58
2 1 187 58
2 1 186 57
2 1 185 57
2 1 184 57
2 1 183 56
2 1 182 56
2 1 181 56
2 1 180 55
2 1 179 55
2 1 178 54
2 1 177 54
2 1 176 54
2 1 175 53
2 1 174 53
2 1 173 53
2 1 172 52
2 1 171 52
2 1 170 52
2 1 169 51
2 1 168 51
2 1 167 51
2 1 166 51
2 1 165 51
2 1 164 51
2 1 163 51
2 1 162 51
2 1 161 51
2 1 160 51
2 1 159 51
2 1 158 51
2 1 157 51
2 1 156 51
2 1 155 51
2 1 154 51
2 1 153 51
2 2 247 165
2 2 246 166
2 2 245 166
2 2 244 166
2 2 243 166
2 2 242 166
2 2 241 167
2 2 240 167
2 2 239 167
2 2 238 167
2 2 237 167
2 2 236 167
2 2 235 167
2 2 234 168
2 2 233 168
2 2 232 168
2 2 231 168
2 2 230 168
2 2 229 168
2 2 228 168
2 2 227 168
2 2 226 168
2 2 225 168
2 2 224 167
2 2 223 167
2 2 222 167
2 2 221 167
2 2 220 167
2 2 219 167
2 2 218 167
2 2 217 167
2 2 216 166
2 2 215 166
2 2 214 166
2 2 213 166
2 2 212 166
2 2 211 166
2 2 210 166
2 2 209 166
2 2 208 166
2 2 207 167
2 2 206 167
2 2 205 167
2 2 204 167
2 2 203 168
2 2 202 168
2 2 201 168
2 2 200 169
2 2 199 169
2 2 198 170
2 2 197 170
2 2 196 171
2 2 195 172
2 2 194 172
2 2 193 173
2 2 192 173
2 2 191 174
2 2 190 175
2 2 189 176
2 2 188 177
2 2 187 177
2 2 186 178
2 2 185 179
2 2 184 180
2 2 183 181
2 2 183 182
2 2 182 183
2 2 181 184
2 2 180 185
2 2 179 186
2 2 178 186
2 2 177 186
2 2 176 186
2 2 175 187
2 2 174 187
2 2 173 187
2 2 172 188
2 2 171 189
2 2 170 189
2 2 169 190
2 2 169 191
2 2 169 192
2 2 169 193
2 2 169 194
2 2 169 195
2 2 170 196
2 2 170 197
2 2 171 198
2 2 172 199
2 2 172 200
2 2 172 201
2 2 172 202
2 2 172 203
2 2 172 204
2 2 172 205
2 2 172 206
2 2 172 207
2 2 172 208
2 2 172 209
2 2 171 210
2 2 171 211
2 2 171 212
2 2 170 213
2 2 170 214
2 2 169 215
2 2 169 216
2 2 168 217
2 2 167 218
2 2 166 218
2 2 165 219
2 2 164 219
2 2 165 219
2 2 166 219
2 2 167 219
2 2 168 219
2 2 169 219
2 2 169 218
2 2 169 217
2 2 169 216
2 2 169 215
2 2 170 214
2 2 171 214
2 2 172 214
2 2 173 214
2 2 174 214
2 2 175 214
2 2 176 214
2 2 177 214
2 2 178 215
2 2 178 216
2 2 178 217
2 2 178 218
2 2 178 219
2 2 178 220
2 2 178 221
2 2 179 221
2 2 179 220
2 2 179 219
2 2 179 218
2 2 179 217
2 2 179 216
2 2 179 215
2 2 179 214
2 2 180 213
2 2 181 213
2 2 182 213
2 2 183 213
2 2 184 213
2 2 185 213
2 2 186 213
2 2 186 212
2 2 186 211
2 2 186 210
2 2 186 209
2 2 186 208
2 2 186 207
2 2 187 206
2 2 188 205
2 2 189 204
2 2 190 204
2 2 191 203
2 2 192 203
2 2 193 202
2 2 194 202
2 2 195 202
2 2 196 202
2 2 197 201
2 2 198 201
2 2 199 201
2 2 200 201
2 2 201 201
2 2 202 201
2 2 203 201
2 2 204 201
2 2 205 201
2 2 206 201
2 2 207 201
2 2 208 201
2 2 209 202
2 2 209 203
2 2 210 204
2 2 210 205
2 2 210 206
2 2 211 207
2 2 211 208
2 2 211 209
2 2 211 210
2 2 211 211
2 2 211 212
2 2 211 213
2 2 211 214
2 2 211 215
2 2 210 216
2 2 209 217
2 2 209 218
2 2 208 219
2 2 207 219
2 2 206 219
2 2 205 219
2 2 204 219
2 2 203 219
2 2 202 219
2 2 201 219
2 2 200 219
2 2 199 219
2 2 198 219
2 2 197 219
2 2 196 219
2 2 195 219
2 2 194 219
2 2 193 218
2 2 192 218
2 2 191 218
2 2 190 218
2 2 189 218
2 2 188 217
2 2 188 218
2 2 189 218
2 2 190 218
2 2 191 218
2 2 192 218
2 2 193 219
2 2 194 219
2 2 195 219
2 2 196 219
2 2 197 219
2 2 198 219
2 2 199 219
2 2 200 220
2 2 200 221
2 2 200 222
2 2 201 222
2 2 202 222
2 2 203 222
2 2 204 223
2 2 204 224
2 2 204 225
2 2 204 226
2 2 204 227
2 2 204 228
2 2 204 229
2 2 205 230
2 2 206 230
2 2 207 231
2 2 208 231
2 2 209 232
2 2 210 232
2 2 211 233
2 2 212 233
2 2 213 233
2 2 214 234
2 2 215 234
2 2 216 234
2 2 217 234
2 2 218 234
2 2 219 234
2 2 220 235
2 2 220 236
2 2 220 237
2 2 221 236
2 2 222 235
2 2 223 234
2 2 224 233
2 2 223 233
2 2 222 232
2 2 222 231
2 2 222 230
2 2 222 229
2 2 222 228
2 2 222 227
2 2 222 226
2 2 222 225
2 2 223 224
2 2 224 224
2 2 224 223
2 2 225 222
2 2 226 222
2 2 227 222
2 2 228 222
2 2 229 222
2 2 230 222
2 2 231 222
2 2 232 222
2 2 233 222
2 2 234 222
2 2 235 222
2 2 236 222
2 2 237 223
2 2 237 224
2 2 237 225
2 2 237 226
2 2 237 227
2 2 237 228
2 2 237 229
2 2 237 230
2 2 237 231
2 2 237 232
2 2 237 233
2 2 237 234
2 2 237 235
2 2 237 236
2 2 237 237
2 2 238 238
2 2 238 239
2 2 239 240
2 2 239 241
2 2 239 242
2 2 240 243
2 2 240 244
2 2 240 245
2 2 240 246
2 2 241 246
2 2 242 247
2 2 243 248
2 2 244 249
2 2 245 250
2 2 245 251
2 2 245 252
2 2 245 253
2 2 245 254
2 2 245 255
2 2 245 256
2 2 245 257
2 2 245 258
2 2 244 259
2 2 243 259
2 2 242 259
2 2 241 259
2 2 240 259
2 2 239 259
2 2 238 259
2 2 237 259
2 2 236 258
2 2 236 257
2 2 235 256
2 2 234 255
2 2 233 254
2 2 233 253
2 2 233 252
2 2 232 252
2 2 231 251
2 2 230 250
2 2 229 249
2 2 228 249
2 2 227 248
2 2 226 248
2 2 225 248
2 2 224 248
2 2 223 247
2 2 222 247
2 2 221 247
2 2 220 247
2 2 219 246
2 2 219 245
2 2 219 244
2 2 218 244
2 2 217 244
2 2 216 244
2 2 215 244
2 2 214 244
2 2 213 244
2 2 212 244
2 2 211 244
2 2 210 244
2 2 209 244
2 2 208 244
2 2 207 243
2 2 206 243
2 2 205 242
2 2 204 242
2 2 203 241
2 2 202 241
2 2 201 240
2 2 200 240
2 2 199 240
2 2 198 239
2 2 198 240
2 2 198 241
2 2 198 242
2 2 198 243
2 2 199 243
2 2 200 243
2 2 201 243
2 2 202 243
2 2 203 243
2 2 204 243
2 2 205 243
2 2 206 243
2 2 207 243
2 2 208 244
2 2 208 245
2 2 208 246
2 2 208 247
2 2 208 248
2 2 208 249
2 2 208 250
2 2 208 251
2 2 208 252
2 2 208 253
2 2 208 254
2 2 207 255
2 2 206 256
2 2 206 257
2 2 205 258
2 2 204 258
2 2 203 259
2 2 202 259
2 2 201 260
2 2 200 260
2 2 199 260
2 2 198 260
2 2 197 260
2 2 196 260
2 2 195 260
2 2 194 260
2 2 193 260
2 2 192 260
2 2 191 260
2 2 190 260
2 2 189 260
2 2 188 260
2 2 187 260
2 2 186 259
2 2 185 259
2 2 184 259
2 2 183 258
2 2 183 257
2 2 182 256
2 2 182 255
2 2 182 254
2 2 182 253
2 2 182 252
2 2 182 251
2 2 182 250
2 2 182 249
2 2 182 248
2 2 182 247
2 2 182 246
2 2 182 245
2 2 183 244
2 2 184 243
2 2 185 243
2 2 185 242
2 2 185 241
2 2 185 240
2 2 185 239
2 2 185 238
2 2 185 237
2 2 184 237
2 2 183 237
2 2 182 237
2 2 181 237
2 2 181 238
2 2 181 239
2 2 181 240
2 2 181 241
2 2 181 242
2 2 180 243
2 2 179 243
2 2 178 243
2 2 177 243
2 2 176 243
2 2 175 243
2 2 174 243
2 2 173 243
2 2 172 242
2 2 172 241
2 2 172 240
2 2 171 240
2 2 170 239
2 2 169 238
2 2 169 237
2 2 169 236
2 2 169 235
2 2 169 234
2 2 169 233
2 2 169 232
2 2 169 231
2 2 170 230
2 2 171 230
2 2 172 230
2 2 173 230
2 2 174 230
2 2 175 230
2 2 174 230
2 2 173 230
2 2 172 230
2 2 171 230
2 2 170 229
2 2 169 229
2 2 168 229
2 2 167 229
2 2 166 229
2 2 165 229
2 2 164 229
2 2 163 229
2 2 162 229
2 2 161 228
2 2 160 228
2 2 159 228
2 2 158 228
2 2 157 228
2 2 156 228
2 2 155 227
2 2 155 226
2 2 155 225
2 2 155 224
2 2 155 223
2 2 155 222
2 2 155 221
2 2 154 221
2 2 153 222
2 2 152 223
2 2 151 224
2 2 151 225
2 2 152 226
2 2 153 227
2 2 154 227
2 2 155 228
2 2 156 228
2 2 157 228
2 2 158 228
2 2 159 229
2 2 160 229
2 2 161 230
2 2 162 231
2 2 163 232
2 2 163 233
2 2 164 234
2 2 165 235
2 2 166 236
2 2 167 237
2 2 167 238
2 2 167 239
2 2 167 240
2 2 167 241
2 2 167 242
2 2 167 243
2 2 167 244
2 2 167 245
2 2 167 246
2 2 167 247
2 2 167 248
2 2 167 249
2 2 167 250
2 2 167 251
2 2 167 252
2 2 167 253
2 2 167 254
2 2 166 255
2 2 166 256
2 2 166 257
2 2 166 258
2 2 166 259
2 2 166 260
2 2 166 261
2 2 167 261
2 2 168 262
2 2 169 263
2 2 169 264
2 2 170 265
2 2 170 266
2 2 170 267
2 2 170 268
2 2 170 269
2 2 171 270
2 2 171 271
2 2 171 272
2 2 171 273
2 2 171 274
2 2 172 275
2 2 172 276
2 2 172 277
2 2 173 278
2 2 173 279
2 2 174 280
2 2 174 281
2 2 175 282
2 2 176 283
2 2 177 284
2 2 178 285
2 2 179 286
2 2 180 287
2 2 181 288
2 2 182 288
2 2 183 289
2 2 184 290
2 2 185 290
2 2 186 291
2 2 187 291
2 2 188 292
2 2 189 292
2 2 190 292
2 2 191 293
2 2 192 293
2 2 193 294
2 2 194 294
2 2 195 294
2 2 196 295
2 2 197 295
2 2 198 295
2 2 199 296
2 2 200 296
2 2 201 296
2 2 202 297
2 2 203 297
2 2 204 297
2 2 205 298
2 2 206 298
2 2 207 298
2 2 208 298
2 2 209 299
2 2 210 299
2 2 211 299
2 2 212 299
2 2 213 300
2 2 214 300
2 2 215 300
2 2 216 300
2 2 217 301
2 2 218 301
2 2 219 301
2 2 220 301
2 2 221 302
2 2 222 302
2 2 223 302
2 2 224 302
2 2 225 303
2 2 226 303
2 2 227 303
2 2 228 303
2 2 229 303
2 2 230 303
2 2 231 304
2 2 232 304
2 2 233 304
2 2 234 304
2 2 235 305
2 2 236 305
2 2 237 305
2 2 238 305
2 2 239 304
2 2 240 304
2 2 241 304
2 2 242 304
2 2 243 304
2 2 244 304
2 2 245 304
2 2 246 304
2 2 247 304
2 2 248 304
2 2 249 304
2 2 249 303
2 2 249 302
2 2 249 301
2 2 249 300
2 2 250 299
2 2 251 298
2 2 252 298
2 2 253 297
2 2 254 297
2 2 255 297
2 2 256 297
2 2 257 297
2 2 258 297
2 2 259 297
2 2 260 297
2 2 261 297
2 2 262 297
2 2 263 297
2 2 264 297
2 2 265 296
2 2 266 296
2 2 267 296
2 2 268 295
2 2 269 294
2 2 270 294
2 2 271 293
2 2 272 293
2 2 273 293
2 2 274 293
2 2 275 292
2 2 276 292
2 2 277 291
2 2 278 291
2 2 279 290
2 2 280 289
2 2 281 289
2 2 282 288
2 2 283 288
2 2 284 287
2 2 285 286
2 2 286 286
2 2 287 286
2 2 288 285
2 2 289 285
2 2 290 285
2 2 291 285
2 2 292 284
2 2 293 284
2 2 294 284
2 2 295 283
2 2 296 283
2 2 297 282
2 2 298 282
2 2 299 282
2 2 300 281
2 2 300 280
2 2 301 279
2 2 301 278
2 2 301 277
2 2 302 276
2 2 302 275
2 2 303 274
2 2 304 273
2 2 304 272
2 2 305 271
2 2 305 270
2 2 306 269
2 2 306 268
2 2 307 267
2 2 307 266
2 2 308 265
2 2 308 264
2 2 309 263
2 2 309 262
2 2 310 261
2 2 310 260
2 2 310 259
2 2 311 258
2 2 311 257
2 2 312 256
2 2 312 255
2 2 313 254
2 2 313 253
2 2 313 252
2 2 313 251
2 2 313 250
2 2 313 249
2 2 314 248
2 2 314 247
2 2 314 246
2 2 314 245
2 2 314 244
2 2 314 243
2 2 315 242
2 2 315 241
2 2 315 240
2 2 315 239
2 2 315 238
2 2 315 237
2 2 315 236
2 2 315 235
2 2 315 234
2 2 315 233
2 2 315 232
2 2 315 231
2 2 315 230
2 2 315 229
2 2 315 228
2 2 315 227
2 2 315 226
2 2 315 225
2 2 315 224
2 2 315 223
2 2 315 222
2 2 315 221
2 2 315 220
2 2 314 219
2 2 314 218
2 2 314 217
2 2 314 216
2 2 313 215
2 2 313 214
2 2 312 213
2 2 312 212
2 2 311 211
2 2 311 210
2 2 311 209
2 2 310 208
2 2 310 207
2 2 309 206
2 2 309 205
2 2 309 204
2 2 308 203
2 2 308 202
2 2 307 201
2 2 307 200
2 2 306 200
2 2 305 200
2 2 304 199
2 2 303 198
2 2 302 197
2 2 302 196
2 2 302 195
2 2 302 194
2 2 302 193
2 2 301 192
2 2 301 191
2 2 300 190
2 2 299 190
2 2 298 190
2 2 297 190
2 2 296 190
2 2 295 190
2 2 294 190
2 2 293 189
2 2 292 189
2 2 291 189
2 2 290 188
2 2 289 188
2 2 288 187
2 2 287 186
2 2 286 185
2 2 285 184
2 2 284 184
2 2 283 184
2 2 282 183
2 2 281 183
2 2 280 182
2 2 279 182
2 2 278 182
2 2 277 181
2 2 276 181
2 2 275 180
2 2 274 180
2 2 273 180
2 2 272 180
2 2 271 180
2 2 270 180
2 2 269 180
2 2 268 179
2 2 268 178
2 2 268 177
2 2 268 176
2 2 268 175
2 2 268 174
2 2 268 173
2 2 268 172
2 2 269 171
2 2 270 171
2 2 270 170
2 2 271 169
2 2 272 168
2 2 273 167
2 2 274 166
2 2 275 165
2 2 274 165
2 2 273 165
2 2 272 165
2 2 271 165
2 2 270 166
2 2 270 167
2 2 269 168
2 2 269 169
2 2 269 170
2 2 268 171
2 2 267 172
2 2 266 172
2 2 265 172
2 2 264 172
2 2 263 172
2 2 262 172
2 2 261 172
2 2 260 172
2 2 259 172
2 2 258 172
2 2 257 172
2 2 256 172
2 2 255 171
2 2 255 170
2 2 255 169
2 2 255 168
2 2 255 167
2 2 255 166
2 2 255 165
2 2 254 165
2 2 253 165
2 2 252 165
2 2 251 165
2 2 250 165
2 2 249 165
2 2 248 165
2 2 247 165
2 3 194 348
2 3 193 349
2 3 192 349
2 3 191 349
2 3 190 349
2 3 189 350
2 3 188 350
2 3 187 350
2 3 186 351
2 3 185 351
2 3 184 352
2 3 183 352
2 3 182 353
2 3 181 353
2 3 180 354
2 3 179 354
2 3 178 355
2 3 177 356
2 3 176 356
2 3 175 357
2 3 174 358
2 3 173 358
2 3 172 359
2 3 171 360
2 3 170 360
2 3 169 361
2 3 168 362
2 3 167 363
2 3 166 364
2 3 165 364
2 3 164 365
2 3 163 366
2 3 162 367
2 3 161 368
2 3 160 369
2 3 159 370
2 3 158 371
2 3 157 372
2 3 156 373
2 3 155 374
2 3 155 375
2 3 154 376
2 3 153 377
2 3 153 378
2 3 152 379
2 3 151 380
2 3 151 381
2 3 150 382
2 3 149 383
2 3 149 384
2 3 148 385
2 3 148 386
2 3 148 387
2 3 147 388
2 3 147 389
2 3 146 390
2 3 146 391
2 3 146 392
2 3 146 393
2 3 145 394
2 3 145 395
2 3 145 396
2 3 145 397
2 3 145 398
2 3 145 399
2 3 146 400
2 3 146 401
2 3 146 402
2 3 147 403
2 3 147 404
2 3 147 405
2 3 148 406
2 3 148 407
2 3 149 408
2 3 149 409
2 3 150 410
2 3 151 411
2 3 152 412
2 3 152 413
2 3 153 414
2 3 154 415
2 3 155 416
2 3 156 417
2 3 157 417
2 3 158 418
2 3 159 419
2 3 160 419
2 3 161 420
2 3 162 421
2 3 163 421
2 3 164 422
2 3 165 422
2 3 166 423
2 3 167 423
2 3 168 424
2 3 169 424
2 3 170 425
2 3 171 425
2 3 172 425
2 3 173 426
2 3 174 426
2 3 175 426
2 3 176 426
2 3 177 427
2 3 178 427
2 3 179 427
2 3 180 427
2 3 181 427
2 3 182 427
2 3 183 427
2 3 184 427
2 3 185 427
2 3 186 426
2 3 187 426
2 3 188 426
2 3 189 426
2 3 190 426
2 3 191 426
2 3 192 426
2 3 193 426
2 3 194 426
2 3 195 426
2 3 196 426
2 3 197 426
2 3 198 425
2 3 199 425
2 3 200 425
2 3 201 425
2 3 202 425
2 3 203 425
2 3 204 424
2 3 205 424
2 3 206 424
2 3 207 424
2 3 208 423
2 3 209 423
2 3 210 422
2 3 211 422
2 3 212 421
2 3 213 420
2 3 214 420
2 3 215 419
2 3 215 418
2 3 216 417
2 3 217 416
2 3 218 415
2 3 219 414
2 3 220 413
2 3 221 412
2 3 222 411
2 3 222 410
2 3 223 409
2 3 223 408
2 3 224 407
2 3 224 406
2 3 225 405
2 3 225 404
2 3 225 403
2 3 226 402
2 3 226 401
2 3 226 400
2 3 227 399
2 3 227 398
2 3 227 397
2 3 228 396
2 3 228 395
2 3 228 394
2 3 228 393
2 3 228 392
2 3 229 391
2 3 229 390
2 3 229 389
2 3 228 388
2 3 228 387
2 3 228 386
2 3 228 385
2 3 228 384
2 3 228 383
2 3 228 382
2 3 228 381
2 3 227 380
2 3 227 379
2 3 227 378
2 3 227 377
2 3 227 376
2 3 226 375
2 3 226 374
2 3 226 373
2 3 225 372
2 3 225 371
2 3 224 370
2 3 224 369
2 3 223 368
2 3 222 367
2 3 221 366
2 3 220 365
2 3 219 364
2 3 218 363
2 3 217 363
2 3 216 362
2 3 215 361
2 3 214 360
2 3 213 359
2 3 212 358
2 3 211 357
2 3 210 356
2 3 210 355
2 3 209 354
2 3 208 353
2 3 207 352
2 3 206 351
2 3 205 351
2 3 204 350
2 3 203 350
2 3 202 349
2 3 201 349
2 3 200 349
2 3 199 349
2 3 198 348
2 3 197 348
2 3 196 348
2 3 195 348
2 3 194 348
3 1 163 50
3 1 162 51
3 1 161 51
3 1 160 51
3 1 159 51
3 1 158 51
3 1 157 51
3 1 156 51
3 1 155 51
3 1 154 52
3 1 153 52
3 1 152 52
3 1 151 52
3 1 150 52
3 1 149 53
3 1 148 53
3 1 147 53
3 1 146 54
3 1 145 54
3 1 144 54
3 1 143 55
3 1 142 55
3 1 141 55
3 1 140 56
3 1 139 56
3 1 138 57
3 1 137 57
3 1 136 58
3 1 135 59
3 1 134 59
3 1 133 60
3 1 132 61
3 1 131 61
3 1 130 62
3 1 129 63
3 1 128 64
3 1 127 65
3 1 126 66
3 1 126 67
3 1 125 68
3 1 124 69
3 1 124 70
3 1 123 71
3 1 123 72
3 1 122 73
3 1 122 74
3 1 121 75
3 1 121 76
3 1 121 77
3 1 121 78
3 1 120 79
3 1 120 80
3 1 120 81
3 1 120 82
3 1 120 83
3 1 121 84
3 1 121 85
3 1 121 86
3 1 122 87
3 1 123 88
3 1 123 89
3 1 124 90
3 1 125 91
3 1 126 92
3 1 126 93
3 1 127 94
3 1 128 95
3 1 129 96
3 1 130 97
3 1 131 98
3 1 132 98
3 1 133 99
3 1 134 100
3 1 135 101
3 1 136 101
3 1 137 102
3 1 138 102
3 1 139 103
3 1 140 103
3 1 141 104
3 1 142 104
3 1 143 105
3 1 144 105
3 1 145 105
3 1 146 106
3 1 147 106
3 1 148 106
3 1 149 107
3 1 150 107
3 1 151 107
3 1 152 108
3 1 153 108
3 1 154 109
3 1 155 109
3 1 156 109
3 1 157 110
3 1 158 110
3 1 159 110
3 1 160 111
3 1 161 111
3 1 162 112
3 1 163 112
3 1 164 112
3 1 165 113
3 1 166 113
3 1 167 113
3 1 168 114
3 1 169 114
3 1 170 114
3 1 171 115
3 1 172 115
3 1 173 115
3 1 174 116
3 1 175 116
3 1 176 116
3 1 177 117
3 1 178 117
3 1 179 117
3 1 180 118
3 1 181 118
3 1 182 118
3 1 183 118
3 1 184 119
3 1 185 119
3 1 186 119
3 1 187 119
3 1 188 119
3 1 189 120
3 1 190 120
3 1 191 120
3 1 192 120
3 1 193 120
3 1 194 120
3 1 195 120
3 1 196 120
3 1 197 120
3 1 198 119
3 1 199 119
3 1 200 119
3 1 201 118
3 1 202 118
3 1 203 117
3 1 204 117
3 1 205 116
3 1 206 116
3 1 207 115
3 1 208 114
3 1 209 113
3 1 210 112
3 1 211 111
3 1 212 110
3 1 213 109
3 1 214 108
3 1 214 107
3 1 215 106
3 1 216 105
3 1 216 104
3 1 217 103
3 1 217 102
3 1 218 101
3 1 218 100
3 1 219 99
3 1 219 98
3 1 219 97
3 1 219 96
3 1 220 95
3 1 220 94
3 1 220 93
3 1 220 92
3 1 220 91
3 1 220 90
3 1 220 89
3 1 219 88
3 1 219 87
3 1 219 86
3 1 218 85
3 1 218 84
3 1 218 83
3 1 217 82
3 1 217 81
3 1 216 80
3 1 216 79
3 1 215 78
3 1 214 77
3 1 214 76
3 1 213 75
3 1 212 74
3 1 211 73
3 1 210 72
3 1 209 71
3 1 208 70
3 1 207 69
3 1 206 68
3 1 205 67
3 1 204 67
3 1 203 66
3 1 202 65
3 1 201 64
3 1 200 64
3 1 199 63
3 1 198 62
3 1 197 61
3 1 196 61
3 1 195 60
3 1 194 60
3 1 193 59
3 1 192 59
3 1 191 58
3 1 190 58
3 1 189 57
3 1 188 57
3 1 187 57
3 1 186 56
3 1 185 56
3 1 184 55
3 1 183 55
3 1 182 55
3 1 181 54
3 1 180 54
3 1 179 53
3 1 178 53
3 1 177 53
3 1 176 52
3 1 175 52
3 1 174 52
3 1 173 51
3 1 172 51
3 1 171 51
3 1 170 51
3 1 169 51
3 1 168 51
3 1 167 50
3 1 166 50
3 1 165 50
3 1 164 50
3 1 163 50
3 2 248 165
3 2 247 166
3 2 246 166
3 2 245 166
3 2 244 166
3 2 243 166
3 2 242 166
3 2 241 167
3 2 240 167
3 2 239 167
3 2 238 167
3 2 237 167
3 2 236 167
3 2 235 167
3 2 234 168
3 2 233 168
3 2 232 168
3 2 231 168
3 2 230 168
3 2 229 168
3 2 228 168
3 2 227 168
3 2 226 168
3 2 225 168
3 2 224 168
3 2 223 167
3 2 222 167
3 2 221 167
3 2 220 167
3 2 219 167
3 2 218 167
3 2 217 167
3 2 216 167
3 2 215 167
3 2 214 167
3 2 213 166
3 2 212 166
3 2 211 167
3 2 210 167
3 2 209 167
3 2 208 167
3 2 207 167
3 2 206 167
3 2 205 167
3 2 204 168
3 2 203 168
3 2 202 168
3 2 201 169
3 2 200 169
3 2 199 169
3 2 198 170
3 2 197 170
3 2 196 170
3 2 195 171
3 2 194 171
3 2 193 172
3 2 192 173
3 2 191 173
3 2 190 174
3 2 189 175
3 2 188 176
3 2 187 177
3 2 186 178
3 2 186 179
3 2 185 180
3 2 184 181
3 2 183 182
3 2 182 183
3 2 182 184
3 2 181 185
3 2 181 186
3 2 180 187
3 2 179 188
3 2 178 189
3 2 177 190
3 2 176 191
3 2 175 192
3 2 175 193
3 2 174 194
3 2 174 195
3 2 173 196
3 2 173 197
3 2 173 198
3 2 173 199
3 2 172 200
3 2 172 201
3 2 172 202
3 2 172 203
3 2 172 204
3 2 172 205
3 2 172 206
3 2 172 207
3 2 171 208
3 2 171 209
3 2 171 210
3 2 171 211
3 2 170 212
3 2 170 213
3 2 169 214
3 2 169 215
3 2 170 215
3 2 171 215
3 2 172 215
3 2 173 215
3 2 174 215
3 2 175 215
3 2 176 216
3 2 176 217
3 2 176 218
3 2 176 219
3 2 176 220
3 2 177 220
3 2 178 220
3 2 179 220
3 2 180 220
3 2 181 220
3 2 182 220
3 2 183 221
3 2 184 221
3 2 185 221
3 2 186 221
3 2 187 221
3 2 188 222
3 2 189 222
3 2 190 222
3 2 191 222
3 2 192 222
3 2 193 223
3 2 194 223
3 2 195 223
3 2 196 223
3 2 197 223
3 2 198 223
3 2 197 223
3 2 196 223
3 2 195 222
3 2 194 222
3 2 193 222
3 2 192 221
3 2 191 221
3 2 190 221
3 2 189 220
3 2 189 219
3 2 189 218
3 2 189 217
3 2 189 216
3 2 188 215
3 2 187 215
3 2 186 214
3 2 185 213
3 2 184 212
3 2 184 211
3 2 184 210
3 2 184 209
3 2 184 208
3 2 184 207
3 2 184 206
3 2 184 205
3 2 184 204
3 2 185 203
3 2 186 202
3 2 187 201
3 2 188 200
3 2 189 200
3 2 190 199
3 2 191 199
3 2 192 199
3 2 193 199
3 2 194 198
3 2 195 198
3 2 196 198
3 2 197 198
3 2 198 198
3 2 199 198
3 2 200 198
3 2 201 198
3 2 202 198
3 2 203 198
3 2 204 198
3 2 205 198
3 2 206 199
3 2 207 199
3 2 208 200
3 2 209 201
3 2 210 202
3 2 211 203
3 2 212 204
3 2 213 205
3 2 213 206
3 2 214 207
3 2 214 208
3 2 214 209
3 2 214 210
3 2 214 211
3 2 214 212
3 2 214 213
3 2 214 214
3 2 214 215
3 2 214 216
3 2 215 216
3 2 216 216
3 2 217 216
3 2 218 216
3 2 219 217
3 2 220 218
3 2 221 218
3 2 222 218
3 2 223 219
3 2 224 219
3 2 225 220
3 2 225 221
3 2 226 221
3 2 227 221
3 2 228 221
3 2 229 221
3 2 230 222
3 2 231 222
3 2 232 221
3 2 233 221
3 2 234 221
3 2 235 221
3 2 236 221
3 2 237 221
3 2 238 221
3 2 239 221
3 2 240 221
3 2 241 222
3 2 241 223
3 2 241 224
3 2 241 225
3 2 242 226
3 2 242 227
3 2 243 228
3 2 243 229
3 2 243 230
3 2 243 231
3 2 243 232
3 2 243 233
3 2 243 234
3 2 243 235
3 2 243 236
3 2 243 237
3 2 243 238
3 2 243 239
3 2 243 240
3 2 243 241
3 2 243 242
3 2 243 243
3 2 243 244
3 2 242 245
3 2 242 246
3 2 242 247
3 2 242 248
3 2 242 249
3 2 242 250
3 2 242 251
3 2 242 252
3 2 241 253
3 2 240 253
3 2 239 253
3 2 238 253
3 2 237 253
3 2 236 253
3 2 235 253
3 2 234 253
3 2 233 252
3 2 233 251
3 2 232 250
3 2 231 250
3 2 230 249
3 2 229 248
3 2 228 248
3 2 227 248
3 2 226 248
3 2 225 248
3 2 224 248
3 2 223 248
3 2 222 248
3 2 221 249
3 2 220 249
3 2 219 249
3 2 218 249
3 2 217 249
3 2 216 249
3 2 215 249
3 2 214 249
3 2 213 249
3 2 212 249
3 2 211 249
3 2 210 249
3 2 210 250
3 2 210 251
3 2 210 252
3 2 210 253
3 2 210 254
3 2 210 255
3 2 210 256
3 2 210 257
3 2 209 258
3 2 208 259
3 2 207 260
3 2 206 261
3 2 205 261
3 2 204 262
3 2 203 263
3 2 202 263
3 2 201 264
3 2 200 265
3 2 199 265
3 2 198 265
3 2 197 266
3 2 196 266
3 2 195 267
3 2 194 268
3 2 193 269
3 2 192 269
3 2 191 270
3 2 190 270
3 2 189 270
3 2 188 270
3 2 187 270
3 2 186 270
3 2 185 270
3 2 184 270
3 2 183 270
3 2 182 270
3 2 181 270
3 2 180 269
3 2 180 268
3 2 180 267
3 2 180 266
3 2 179 265
3 2 179 264
3 2 179 263
3 2 179 262
3 2 179 261
3 2 179 260
3 2 179 259
3 2 179 258
3 2 179 257
3 2 179 256
3 2 178 256
3 2 177 256
3 2 176 256
3 2 175 256
3 2 174 255
3 2 174 254
3 2 174 253
3 2 174 252
3 2 174 251
3 2 174 250
3 2 174 249
3 2 174 248
3 2 174 247
3 2 174 246
3 2 174 245
3 2 174 244
3 2 174 243
3 2 173 242
3 2 172 242
3 2 171 241
3 2 170 241
3 2 169 241
3 2 168 240
3 2 167 239
3 2 166 239
3 2 165 238
3 2 164 237
3 2 164 236
3 2 163 236
3 2 164 237
3 2 165 238
3 2 166 239
3 2 166 240
3 2 167 241
3 2 167 242
3 2 167 243
3 2 167 244
3 2 167 245
3 2 167 246
3 2 167 247
3 2 167 248
3 2 167 249
3 2 167 250
3 2 167 251
3 2 167 252
3 2 167 253
3 2 167 254
3 2 167 255
3 2 167 256
3 2 167 257
3 2 167 258
3 2 167 259
3 2 168 260
3 2 168 261
3 2 168 262
3 2 168 263
3 2 168 264
3 2 168 265
3 2 168 266
3 2 168 267
3 2 169 268
3 2 169 269
3 2 169 270
3 2 169 271
3 2 169 272
3 2 170 273
3 2 170 274
3 2 170 275
3 2 171 276
3 2 171 277
3 2 172 278
3 2 172 279
3 2 173 280
3 2 174 281
3 2 175 282
3 2 175 283
3 2 176 284
3 2 177 285
3 2 178 286
3 2 179 286
3 2 180 287
3 2 181 288
3 2 182 289
3 2 183 289
3 2 184 290
3 2 185 290
3 2 186 291
3 2 187 291
3 2 188 292
3 2 189 292
3 2 190 292
3 2 191 293
3 2 192 293
3 2 193 294
3 2 194 294
3 2 195 294
3 2 196 295
3 2 197 295
3 2 198 295
3 2 199 296
3 2 200 296
3 2 201 296
3 2 202 297
3 2 203 297
3 2 204 297
3 2 205 297
3 2 206 298
3 2 207 298
3 2 208 298
3 2 209 298
3 2 210 299
3 2 211 299
3 2 212 299
3 2 213 299
3 2 214 300
3 2 215 300
3 2 216 300
3 2 217 301
3 2 218 301
3 2 219 301
3 2 220 301
3 2 221 302
3 2 222 302
3 2 223 302
3 2 224 302
3 2 225 303
3 2 226 303
3 2 227 303
3 2 228 303
3 2 229 303
3 2 230 303
3 2 231 304
3 2 232 304
3 2 233 304
3 2 234 304
3 2 235 304
3 2 236 304
3 2 237 304
3 2 238 304
3 2 239 305
3 2 240 304
3 2 241 304
3 2 242 304
3 2 243 304
3 2 244 304
3 2 245 304
3 2 246 304
3 2 247 304
3 2 248 304
3 2 249 304
3 2 250 304
3 2 251 304
3 2 252 305
3 2 253 305
3 2 253 304
3 2 253 303
3 2 253 302
3 2 253 301
3 2 253 300
3 2 254 299
3 2 255 298
3 2 256 298
3 2 257 298
3 2 258 298
3 2 259 298
3 2 260 298
3 2 261 298
3 2 262 298
3 2 263 297
3 2 264 297
3 2 265 297
3 2 266 296
3 2 267 296
3 2 268 296
3 2 269 295
3 2 270 294
3 2 271 294
3 2 272 294
3 2 273 293
3 2 274 293
3 2 275 292
3 2 276 292
3 2 277 292
3 2 278 291
3 2 279 290
3 2 280 290
3 2 281 289
3 2 282 289
3 2 283 288
3 2 284 287
3 2 285 287
3 2 286 286
3 2 287 285
3 2 288 285
3 2 289 285
3 2 290 285
3 2 291 284
3 2 292 284
3 2 293 284
3 2 294 283
3 2 295 283
3 2 296 282
3 2 297 282
3 2 298 281
3 2 298 280
3 2 299 279
3 2 300 278
3 2 301 277
3 2 301 276
3 2 302 275
3 2 302 274
3 2 303 273
3 2 303 272
3 2 304 271
3 2 304 270
3 2 305 269
3 2 306 268
3 2 306 267
3 2 307 266
3 2 307 265
3 2 308 264
3 2 308 263
3 2 309 262
3 2 309 261
3 2 310 260
3 2 310 259
3 2 310 258
3 2 311 257
3 2 311 256
3 2 311 255
3 2 312 254
3 2 312 253
3 2 312 252
3 2 312 251
3 2 312 250
3 2 312 249
3 2 313 248
3 2 313 247
3 2 313 246
3 2 313 245
3 2 313 244
3 2 314 243
3 2 314 242
3 2 314 241
3 2 314 240
3 2 314 239
3 2 314 238
3 2 314 237
3 2 314 236
3 2 314 235
3 2 314 234
3 2 314 233
3 2 314 232
3 2 314 231
3 2 314 230
3 2 314 229
3 2 314 228
3 2 314 227
3 2 314 226
3 2 314 225
3 2 314 224
3 2 314 223
3 2 314 222
3 2 314 221
3 2 314 220
3 2 314 219
3 2 314 218
3 2 314 217
3 2 313 216
3 2 313 215
3 2 312 214
3 2 312 213
3 2 311 212
3 2 310 211
3 2 310 210
3 2 309 209
3 2 309 208
3 2 308 207
3 2 308 206
3 2 307 205
3 2 307 204
3 2 306 203
3 2 306 202
3 2 305 201
3 2 305 200
3 2 304 199
3 2 303 198
3 2 302 198
3 2 301 197
3 2 300 196
3 2 299 195
3 2 298 194
3 2 297 193
3 2 296 192
3 2 296 191
3 2 295 191
3 2 294 191
3 2 293 190
3 2 292 190
3 2 291 190
3 2 290 190
3 2 289 190
3 2 288 189
3 2 287 188
3 2 286 187
3 2 285 186
3 2 284 186
3 2 283 185
3 2 282 185
3 2 281 184
3 2 280 184
3 2 279 184
3 2 278 184
3 2 277 183
3 2 276 183
3 2 275 183
3 2 274 182
3 2 273 182
3 2 272 181
3 2 271 181
3 2 270 180
3 2 269 180
3 2 268 180
3 2 267 180
3 2 266 179
3 2 265 178
3 2 265 177
3 2 265 176
3 2 265 175
3 2 265 174
3 2 265 173
3 2 265 172
3 2 265 171
3 2 266 170
3 2 267 169
3 2 268 168
3 2 269 167
3 2 270 167
3 2 271 167
3 2 272 166
3 2 273 166
3 2 274 166
3 2 275 166
3 2 276 166
3 2 277 166
3 2 278 165
3 2 277 165
3 2 276 165
3 2 275 165
3 2 274 165
3 2 273 165
3 2 272 165
3 2 271 165
3 2 270 165
3 2 269 166
3 2 268 167
3 2 267 167
3 2 266 168
3 2 265 168
3 2 264 168
3 2 263 168
3 2 262 168
3 2 261 168
3 2 260 168
3 2 259 168
3 2 258 167
3 2 257 167
3 2 256 166
3 2 255 166
3 2 254 166
3 2 253 166
3 2 252 166
3 2 251 166
3 2 250 165
3 2 249 165
3 2 248 165
3 4 196 348
3 4 195 349
3 4 194 349
3 4 193 349
3 4 192 349
3 4 191 350
3 4 190 350
3 4 189 350
3 4 188 351
3 4 187 351
3 4 186 352
3 4 185 352
3 4 184 353
3 4 183 353
3 4 182 354
3 4 181 354
3 4 180 355
3 4 179 356
3 4 178 357
3 4 177 357
3 4 176 358
3 4 175 359
3 4 174 359
3 4 173 360
3 4 172 361
3 4 171 362
3 4 170 363
3 4 169 364
3 4 168 365
3 4 167 366
3 4 166 366
3 4 166 367
3 4 165 368
3 4 164 369
3 4 163 370
3 4 162 371
3 4 161 372
3 4 160 373
3 4 159 374
3 4 158 375
3 4 158 376
3 4 157 377
3 4 156 378
3 4 156 379
3 4 155 380
3 4 154 381
3 4 154 382
3 4 153 383
3 4 153 384
3 4 152 385
3 4 152 386
3 4 151 387
3 4 151 388
3 4 151 389
3 4 150 390
3 4 150 391
3 4 150 392
3 4 149 393
3 4 149 394
3 4 149 395
3 4 149 396
3 4 149 397
3 4 149 398
3 4 149 399
3 4 149 400
3 4 149 401
3 4 149 402
3 4 150 403
3 4 150 404
3 4 150 405
3 4 151 406
3 4 151 407
3 4 152 408
3 4 152 409
3 4 153 410
3 4 153 411
3 4 154 412
3 4 155 413
3 4 156 414
3 4 156 415
3 4 157 416
3 4 158 417
3 4 159 418
3 4 160 418
3 4 161 419
3 4 162 420
3 4 163 421
3 4 164 421
3 4 165 422
3 4 166 422
3 4 167 423
3 4 168 424
3 4 169 424
3 4 170 424
3 4 171 425
3 4 172 425
3 4 173 426
3 4 174 426
3 4 175 426
3 4 176 427
3 4 177 427
3 4 178 427
3 4 179 427
3 4 180 428
3 4 181 428
3 4 182 428
3 4 183 428
3 4 184 428
3 4 185 428
3 4 186 428
3 4 187 428
3 4 188 428
3 4 189 428
3 4 190 428
3 4 191 428
3 4 192 428
3 4 193 428
3 4 194 428
3 4 195 428
3 4 196 428
3 4 197 428
3 4 198 428
3 4 199 428
3 4 200 428
3 4 201 428
3 4 202 428
3 4 203 428
3 4 204 428
3 4 205 427
3 4 206 427
3 4 207 427
3 4 208 426
3 4 209 426
3 4 210 425
3 4 211 425
3 4 212 424
3 4 213 423
3 4 214 422
3 4 215 421
3 4 216 420
3 4 217 419
3 4 218 418
3 4 219 417
3 4 220 416
3 4 221 415
3 4 222 414
3 4 222 413
3 4 223 412
3 4 224 411
3 4 224 410
3 4 225 409
3 4 226 408
3 4 227 407
3 4 227 406
3 4 228 405
3 4 228 404
3 4 229 403
3 4 230 402
3 4 230 401
3 4 231 400
3 4 231 399
3 4 231 398
3 4 232 397
3 4 232 396
3 4 232 395
3 4 233 394
3 4 233 393
3 4 233 392
3 4 233 391
3 4 233 390
3 4 233 389
3 4 232 388
3 4 232 387
3 4 231 386
3 4 231 385
3 4 231 384
3 4 230 383
3 4 229 382
3 4 229 381
3 4 229 380
3 4 228 379
3 4 228 378
3 4 227 377
3 4 227 376
3 4 227 375
3 4 227 374
3 4 226 373
3 4 226 372
3 4 226 371
3 4 225 370
3 4 225 369
3 4 225 368
3 4 224 367
3 4 223 366
3 4 223 365
3 4 222 364
3 4 221 363
3 4 220 362
3 4 219 361
3 4 218 361
3 4 217 360
3 4 216 360
3 4 215 359
3 4 214 358
3 4 213 358
3 4 212 357
3 4 211 356
3 4 210 355
3 4 209 354
3 4 208 353
3 4 207 352
3 4 206 351
3 4 205 351
3 4 204 350
3 4 203 350
3 4 202 349
3 4 201 349
3 4 200 349
3 4 199 348
3 4 198 348
3 4 197 348
3 4 196 348