19 1 224 45
19 1 223 46
19 1 222 46
19 1 221 46
19 1 220 46
19 1 219 46
19 1 218 47
19 1 217 47
19 1 216 47
19 1 215 48
19 1 214 48
19 1 213 48
19 1 212 49
19 1 211 49
19 1 210 49
19 1 209 50
19 1 208 50
19 1 207 50
19 1 206 51
19 1 205 51
19 1 204 52
19 1 203 52
19 1 202 52
19 1 201 53
19 1 200 54
19 1 199 54
19 1 198 55
19 1 197 55
19 1 196 56
19 1 195 57
19 1 194 58
19 1 193 58
19 1 192 59
19 1 191 60
19 1 190 61
19 1 190 62
19 1 189 63
19 1 188 64
19 1 187 65
19 1 187 66
19 1 186 67
19 1 186 68
19 1 185 69
19 1 185 70
19 1 184 71
19 1 184 72
19 1 184 73
19 1 183 74
19 1 183 75
19 1 183 76
19 1 183 77
19 1 183 78
19 1 183 79
19 1 183 80
19 1 183 81
19 1 183 82
19 1 184 83
19 1 184 84
19 1 184 85
19 1 184 86
19 1 184 87
19 1 185 88
19 1 185 89
19 1 185 90
19 1 186 91
19 1 186 92
19 1 187 93
19 1 187 94
19 1 188 95
19 1 188 96
19 1 189 97
19 1 189 98
19 1 190 99
19 1 190 100
19 1 191 101
19 1 191 102
19 1 192 103
19 1 193 104
19 1 193 105
19 1 194 106
19 1 195 107
19 1 195 108
19 1 196 109
19 1 197 110
19 1 198 111
19 1 198 112
19 1 199 113
19 1 200 114
19 1 201 115
19 1 202 116
19 1 203 117
19 1 204 118
19 1 205 119
19 1 206 120
19 1 207 120
19 1 208 121
19 1 209 121
19 1 210 122
19 1 211 122
19 1 212 122
19 1 213 123
19 1 214 123
19 1 215 124
19 1 216 124
19 1 217 125
19 1 218 125
19 1 219 126
19 1 220 126
19 1 221 127
19 1 222 126
19 1 223 126
19 1 224 126
19 1 225 126
19 1 226 126
19 1 227 126
19 1 228 126
19 1 229 126
19 1 230 126
19 1 231 126
19 1 232 126
19 1 233 126
19 1 234 127
19 1 235 128
19 1 236 129
19 1 237 130
19 1 238 130
19 1 239 130
19 1 240 129
19 1 241 128
19 1 242 128
19 1 243 128
19 1 244 128
19 1 245 128
19 1 246 128
19 1 247 128
19 1 248 128
19 1 249 128
19 1 250 128
19 1 251 128
19 1 252 128
19 1 253 128
19 1 254 128
19 1 255 128
19 1 256 129
19 1 256 130
19 1 257 131
19 1 258 132
19 1 258 133
19 1 259 133
19 1 260 134
19 1 261 134
19 1 262 135
19 1 263 135
19 1 264 136
19 1 265 136
19 1 266 137
19 1 267 138
19 1 268 138
19 1 269 139
19 1 270 140
19 1 271 140
19 1 272 141
19 1 272 142
19 1 272 143
19 1 273 144
19 1 274 145
19 1 275 145
19 1 276 146
19 1 277 147
19 1 278 147
19 1 279 148
19 1 280 148
19 1 281 149
19 1 282 150
19 1 283 151
19 1 284 151
19 1 285 151
19 1 286 152
19 1 287 152
19 1 288 152
19 1 289 153
19 1 290 153
19 1 291 153
19 1 292 153
19 1 293 153
19 1 294 153
19 1 295 153
19 1 296 152
19 1 297 152
19 1 298 152
19 1 299 151
19 1 300 150
19 1 301 150
19 1 302 149
19 1 303 148
19 1 304 148
19 1 305 147
19 1 305 146
19 1 306 145
19 1 307 144
19 1 308 143
19 1 309 142
19 1 310 141
19 1 310 140
19 1 311 139
19 1 312 138
19 1 313 137
19 1 313 136
19 1 314 135
19 1 315 134
19 1 315 133
19 1 316 132
19 1 317 131
19 1 317 130
19 1 318 129
19 1 318 128
19 1 318 127
19 1 319 126
19 1 319 125
19 1 320 124
19 1 320 123
19 1 320 122
19 1 320 121
19 1 321 120
19 1 321 119
19 1 321 118
19 1 321 117
19 1 321 116
19 1 322 115
19 1 322 114
19 1 322 113
19 1 322 112
19 1 323 111
19 1 323 110
19 1 323 109
19 1 323 108
19 1 323 107
19 1 324 106
19 1 324 105
19 1 323 104
19 1 323 103
19 1 323 102
19 1 322 101
19 1 322 100
19 1 321 99
19 1 320 98
19 1 320 97
19 1 320 96
19 1 320 95
19 1 320 94
19 1 319 93
19 1 318 93
19 1 317 92
19 1 316 91
19 1 315 91
19 1 314 90
19 1 313 90
19 1 312 90
19 1 311 90
19 1 310 90
19 1 309 90
19 1 308 90
19 1 307 90
19 1 306 90
19 1 305 89
19 1 304 88
19 1 304 87
19 1 303 86
19 1 303 85
19 1 302 85
19 1 301 85
19 1 300 85
19 1 299 85
19 1 298 84
19 1 298 83
19 1 297 82
19 1 297 81
19 1 297 80
19 1 297 79
19 1 297 78
19 1 296 78
19 1 295 78
19 1 294 78
19 1 293 78
19 1 292 78
19 1 291 78
19 1 290 78
19 1 289 77
19 1 289 76
19 1 289 75
19 1 289 74
19 1 289 73
19 1 288 72
19 1 287 71
19 1 286 71
19 1 285 70
19 1 284 70
19 1 283 69
19 1 282 68
19 1 281 68
19 1 280 67
19 1 279 67
19 1 278 66
19 1 277 65
19 1 276 65
19 1 275 64
19 1 274 63
19 1 273 63
19 1 272 62
19 1 271 62
19 1 270 61
19 1 269 61
19 1 268 60
19 1 267 59
19 1 266 59
19 1 265 58
19 1 264 57
19 1 263 57
19 1 262 57
19 1 261 57
19 1 260 57
19 1 259 57
19 1 258 57
19 1 257 57
19 1 256 57
19 1 255 57
19 1 254 57
19 1 253 57
19 1 252 56
19 1 251 55
19 1 250 54
19 1 249 53
19 1 248 52
19 1 247 51
19 1 246 51
19 1 245 50
19 1 244 50
19 1 243 50
19 1 242 50
19 1 241 50
19 1 240 50
19 1 239 49
19 1 238 48
19 1 237 48
19 1 236 47
19 1 235 47
19 1 234 46
19 1 233 46
19 1 232 46
19 1 231 46
19 1 230 45
19 1 229 45
19 1 228 45
19 1 227 45
19 1 226 45
19 1 225 45
19 1 224 45
19 2 318 179
19 2 317 180
19 2 316 180
19 2 315 181
19 2 314 182
19 2 313 182
19 2 312 182
19 2 311 182
19 2 310 182
19 2 309 182
19 2 308 183
19 2 307 183
19 2 306 184
19 2 306 185
19 2 305 186
19 2 304 186
19 2 303 186
19 2 302 187
19 2 301 187
19 2 300 188
19 2 299 189
19 2 299 190
19 2 298 191
19 2 297 192
19 2 296 192
19 2 295 193
19 2 294 193
19 2 293 193
19 2 292 193
19 2 291 193
19 2 290 193
19 2 289 193
19 2 288 193
19 2 287 193
19 2 286 193
19 2 285 193
19 2 284 193
19 2 283 193
19 2 282 193
19 2 281 193
19 2 280 193
19 2 279 193
19 2 278 193
19 2 277 193
19 2 276 193
19 2 275 193
19 2 274 193
19 2 273 193
19 2 272 193
19 2 271 193
19 2 270 193
19 2 269 193
19 2 268 193
19 2 267 193
19 2 266 194
19 2 265 194
19 2 264 194
19 2 263 195
19 2 262 195
19 2 261 196
19 2 260 196
19 2 259 197
19 2 258 197
19 2 257 198
19 2 256 198
19 2 255 199
19 2 254 200
19 2 253 201
19 2 252 202
19 2 251 203
19 2 250 204
19 2 250 205
19 2 249 206
19 2 249 207
19 2 248 208
19 2 248 209
19 2 247 210
19 2 247 211
19 2 246 212
19 2 245 212
19 2 244 212
19 2 243 213
19 2 243 214
19 2 242 215
19 2 241 216
19 2 240 216
19 2 239 216
19 2 238 216
19 2 237 216
19 2 236 216
19 2 235 216
19 2 234 216
19 2 233 215
19 2 233 214
19 2 233 213
19 2 233 212
19 2 232 212
19 2 231 212
19 2 230 213
19 2 229 214
19 2 228 214
19 2 227 215
19 2 226 215
19 2 225 215
19 2 224 216
19 2 223 216
19 2 222 216
19 2 221 216
19 2 220 216
19 2 219 216
19 2 218 216
19 2 217 216
19 2 216 216
19 2 215 216
19 2 214 216
19 2 213 216
19 2 212 216
19 2 211 216
19 2 210 215
19 2 209 214
19 2 208 213
19 2 207 213
19 2 206 213
19 2 205 213
19 2 204 213
19 2 203 213
19 2 202 214
19 2 201 214
19 2 200 215
19 2 199 215
19 2 198 216
19 2 197 216
19 2 196 217
19 2 195 217
19 2 194 218
19 2 193 219
19 2 192 219
19 2 191 220
19 2 190 221
19 2 189 222
19 2 188 223
19 2 187 223
19 2 187 224
19 2 186 225
19 2 185 226
19 2 184 227
19 2 184 228
19 2 183 229
19 2 182 230
19 2 182 231
19 2 181 232
19 2 181 233
19 2 181 234
19 2 180 235
19 2 180 236
19 2 180 237
19 2 180 238
19 2 179 239
19 2 179 240
19 2 180 241
19 2 180 242
19 2 180 243
19 2 181 244
19 2 181 245
19 2 182 246
19 2 182 247
19 2 183 248
19 2 183 249
19 2 184 250
19 2 185 251
19 2 186 252
19 2 187 253
19 2 188 253
19 2 189 254
19 2 190 255
19 2 191 255
19 2 192 256
19 2 193 256
19 2 194 257
19 2 195 257
19 2 196 257
19 2 197 258
19 2 198 258
19 2 199 258
19 2 200 258
19 2 201 257
19 2 202 256
19 2 203 256
19 2 204 256
19 2 205 256
19 2 206 256
19 2 207 256
19 2 208 256
19 2 209 256
19 2 210 256
19 2 211 256
19 2 212 256
19 2 213 257
19 2 214 257
19 2 215 257
19 2 216 258
19 2 217 258
19 2 218 258
19 2 219 258
19 2 220 258
19 2 221 258
19 2 222 258
19 2 223 259
19 2 224 258
19 2 225 258
19 2 226 258
19 2 227 258
19 2 228 258
19 2 229 258
19 2 230 258
19 2 231 258
19 2 232 259
19 2 233 260
19 2 233 261
19 2 234 262
19 2 235 263
19 2 236 264
19 2 236 265
19 2 237 266
19 2 237 267
19 2 238 267
19 2 239 268
19 2 239 269
19 2 240 270
19 2 240 271
19 2 241 272
19 2 241 273
19 2 242 274
19 2 242 275
19 2 243 276
19 2 244 277
19 2 245 278
19 2 246 279
19 2 246 280
19 2 247 281
19 2 248 282
19 2 248 283
19 2 249 284
19 2 250 285
19 2 250 286
19 2 251 287
19 2 252 288
19 2 253 289
19 2 254 290
19 2 255 290
19 2 256 291
19 2 257 291
19 2 258 292
19 2 259 293
19 2 260 293
19 2 261 293
19 2 262 294
19 2 263 294
19 2 264 295
19 2 265 295
19 2 266 295
19 2 267 295
19 2 268 295
19 2 269 295
19 2 270 295
19 2 271 296
19 2 272 296
19 2 273 296
19 2 274 297
19 2 275 297
19 2 276 298
19 2 277 298
19 2 278 299
19 2 279 299
19 2 280 300
19 2 281 300
19 2 282 300
19 2 283 301
19 2 284 301
19 2 285 302
19 2 286 303
19 2 287 304
19 2 288 305
19 2 289 306
19 2 290 307
19 2 291 308
19 2 292 309
19 2 293 310
19 2 294 311
19 2 295 312
19 2 296 313
19 2 296 314
19 2 297 315
19 2 298 316
19 2 298 317
19 2 299 318
19 2 299 319
19 2 300 320
19 2 300 321
19 2 301 322
19 2 301 323
19 2 302 324
19 2 302 325
19 2 303 326
19 2 303 327
19 2 304 328
19 2 304 329
19 2 305 330
19 2 305 331
19 2 305 332
19 2 306 333
19 2 306 334
19 2 307 335
19 2 307 336
19 2 307 337
19 2 308 338
19 2 308 339
19 2 308 340
19 2 309 341
19 2 309 342
19 2 309 343
19 2 310 344
19 2 310 345
19 2 310 346
19 2 310 347
19 2 311 348
19 2 311 349
19 2 311 350
19 2 312 351
19 2 312 352
19 2 312 353
19 2 312 354
19 2 313 355
19 2 313 356
19 2 313 357
19 2 314 358
19 2 314 359
19 2 314 360
19 2 314 361
19 2 315 362
19 2 315 363
19 2 316 364
19 2 316 365
19 2 316 366
19 2 317 367
19 2 317 368
19 2 318 369
19 2 318 370
19 2 318 371
19 2 319 372
19 2 319 373
19 2 319 374
19 2 319 375
19 2 320 376
19 2 320 377
19 2 320 378
19 2 320 379
19 2 320 380
19 2 320 381
19 2 320 382
19 2 321 381
19 2 322 380
19 2 322 379
19 2 322 378
19 2 323 377
19 2 323 376
19 2 323 375
19 2 323 374
19 2 323 373
19 2 323 372
19 2 323 371
19 2 323 370
19 2 323 369
19 2 323 368
19 2 323 367
19 2 324 366
19 2 325 366
19 2 326 365
19 2 326 364
19 2 326 363
19 2 326 362
19 2 326 361
19 2 326 360
19 2 326 359
19 2 326 358
19 2 326 357
19 2 326 356
19 2 327 355
19 2 328 355
19 2 328 354
19 2 328 353
19 2 329 352
19 2 329 351
19 2 329 350
19 2 329 349
19 2 329 348
19 2 329 347
19 2 329 346
19 2 329 345
19 2 328 344
19 2 328 343
19 2 328 342
19 2 328 341
19 2 328 340
19 2 328 339
19 2 328 338
19 2 328 337
19 2 327 336
19 2 327 335
19 2 327 334
19 2 327 333
19 2 327 332
19 2 327 331
19 2 327 330
19 2 327 329
19 2 327 328
19 2 327 327
19 2 327 326
19 2 327 325
19 2 327 324
19 2 327 323
19 2 327 322
19 2 327 321
19 2 327 320
19 2 327 319
19 2 327 318
19 2 327 317
19 2 327 316
19 2 327 315
19 2 327 314
19 2 327 313
19 2 327 312
19 2 327 311
19 2 327 310
19 2 327 309
19 2 327 308
19 2 327 307
19 2 327 306
19 2 327 305
19 2 327 304
19 2 327 303
19 2 328 302
19 2 328 301
19 2 328 300
19 2 328 299
19 2 328 298
19 2 328 297
19 2 329 296
19 2 329 295
19 2 329 294
19 2 329 293
19 2 329 292
19 2 330 291
19 2 330 290
19 2 330 289
19 2 331 288
19 2 331 287
19 2 331 286
19 2 332 285
19 2 332 284
19 2 333 283
19 2 333 282
19 2 333 281
19 2 333 280
19 2 334 279
19 2 334 278
19 2 334 277
19 2 335 276
19 2 335 275
19 2 335 274
19 2 336 273
19 2 336 272
19 2 337 271
19 2 337 270
19 2 338 269
19 2 338 268
19 2 338 267
19 2 338 266
19 2 339 265
19 2 339 264
19 2 339 263
19 2 340 262
19 2 340 261
19 2 340 260
19 2 340 259
19 2 340 258
19 2 341 257
19 2 341 256
19 2 341 255
19 2 341 254
19 2 341 253
19 2 340 252
19 2 340 251
19 2 340 250
19 2 340 249
19 2 340 248
19 2 340 247
19 2 340 246
19 2 340 245
19 2 339 244
19 2 339 243
19 2 339 242
19 2 339 241
19 2 339 240
19 2 339 239
19 2 338 238
19 2 338 237
19 2 338 236
19 2 338 235
19 2 337 234
19 2 337 233
19 2 337 232
19 2 337 231
19 2 337 230
19 2 336 229
19 2 336 228
19 2 336 227
19 2 336 226
19 2 335 225
19 2 335 224
19 2 335 223
19 2 335 222
19 2 334 221
19 2 334 220
19 2 333 219
19 2 333 218
19 2 333 217
19 2 333 216
19 2 332 215
19 2 332 214
19 2 332 213
19 2 332 212
19 2 331 211
19 2 331 210
19 2 331 209
19 2 330 208
19 2 330 207
19 2 330 206
19 2 329 205
19 2 329 204
19 2 329 203
19 2 329 202
19 2 328 201
19 2 328 200
19 2 327 199
19 2 326 198
19 2 326 197
19 2 325 197
19 2 324 197
19 2 323 196
19 2 322 195
19 2 322 194
19 2 321 193
19 2 321 192
19 2 321 191
19 2 320 190
19 2 320 189
19 2 320 188
19 2 320 187
19 2 320 186
19 2 320 185
19 2 319 184
19 2 319 183
19 2 319 182
19 2 318 181
19 2 318 180
19 2 318 179
19 3 266 316
19 3 265 317
19 3 264 317
19 3 263 318
19 3 262 318
19 3 261 318
19 3 260 319
19 3 259 319
19 3 258 320
19 3 257 320
19 3 256 321
19 3 255 321
19 3 254 322
19 3 253 322
19 3 252 323
19 3 251 324
19 3 250 325
19 3 250 326
19 3 249 327
19 3 248 327
19 3 248 328
19 3 248 329
19 3 247 330
19 3 247 331
19 3 246 332
19 3 246 333
19 3 246 334
19 3 246 335
19 3 246 336
19 3 246 337
19 3 246 338
19 3 246 339
19 3 245 340
19 3 244 341
19 3 243 342
19 3 242 343
19 3 241 344
19 3 240 345
19 3 239 346
19 3 238 347
19 3 238 348
19 3 237 349
19 3 236 350
19 3 235 351
19 3 235 352
19 3 234 353
19 3 233 354
19 3 232 354
19 3 231 355
19 3 231 356
19 3 231 357
19 3 231 358
19 3 231 359
19 3 230 360
19 3 229 361
19 3 228 362
19 3 227 362
19 3 226 362
19 3 225 362
19 3 224 362
19 3 223 362
19 3 222 363
19 3 221 363
19 3 220 363
19 3 219 364
19 3 218 364
19 3 217 364
19 3 216 364
19 3 215 364
19 3 214 364
19 3 213 365
19 3 212 365
19 3 211 366
19 3 210 366
19 3 209 366
19 3 208 366
19 3 207 367
19 3 206 367
19 3 205 368
19 3 205 369
19 3 204 370
19 3 203 371
19 3 203 372
19 3 203 373
19 3 202 374
19 3 202 375
19 3 202 376
19 3 202 377
19 3 202 378
19 3 201 379
19 3 201 380
19 3 201 381
19 3 201 382
19 3 200 383
19 3 200 384
19 3 200 385
19 3 200 386
19 3 200 387
19 3 200 388
19 3 200 389
19 3 200 390
19 3 199 391
19 3 199 392
19 3 199 393
19 3 199 394
19 3 199 395
19 3 199 396
19 3 199 397
19 3 198 398
19 3 198 399
19 3 198 400
19 3 198 401
19 3 197 402
19 3 197 403
19 3 197 404
19 3 196 405
19 3 196 406
19 3 196 407
19 3 196 408
19 3 195 409
19 3 195 410
19 3 195 411
19 3 195 412
19 3 195 413
19 3 195 414
19 3 195 415
19 3 195 416
19 3 195 417
19 3 195 418
19 3 196 419
19 3 196 420
19 3 196 421
19 3 197 422
19 3 197 423
19 3 197 424
19 3 198 425
19 3 198 426
19 3 199 427
19 3 199 428
19 3 200 429
19 3 200 430
19 3 201 431
19 3 202 432
19 3 202 433
19 3 203 434
19 3 204 435
19 3 205 436
19 3 206 437
19 3 207 438
19 3 208 439
19 3 209 439
19 3 210 440
19 3 211 441
19 3 212 441
19 3 213 442
19 3 214 443
19 3 215 443
19 3 216 443
19 3 217 444
19 3 218 444
19 3 219 445
19 3 220 445
19 3 221 445
19 3 222 445
19 3 223 446
19 3 224 446
19 3 225 446
19 3 226 446
19 3 227 446
19 3 228 446
19 3 229 446
19 3 230 446
19 3 231 446
19 3 232 446
19 3 233 446
19 3 234 446
19 3 235 446
19 3 236 445
19 3 237 445
19 3 238 445
19 3 239 444
19 3 240 443
19 3 241 442
19 3 242 441
19 3 243 441
19 3 244 441
19 3 245 440
19 3 246 440
19 3 246 439
19 3 247 438
19 3 248 438
19 3 249 437
19 3 250 437
19 3 251 437
19 3 252 437
19 3 253 437
19 3 254 437
19 3 255 437
19 3 256 437
19 3 257 437
19 3 258 438
19 3 259 437
19 3 260 436
19 3 261 436
19 3 261 435
19 3 261 434
19 3 261 433
19 3 261 432
19 3 261 431
19 3 262 430
19 3 263 429
19 3 264 429
19 3 265 429
19 3 266 429
19 3 267 429
19 3 268 429
19 3 269 429
19 3 270 429
19 3 271 430
19 3 272 429
19 3 273 428
19 3 274 428
19 3 275 427
19 3 276 426
19 3 277 425
19 3 278 425
19 3 279 424
19 3 280 423
19 3 281 423
19 3 282 422
19 3 283 422
19 3 284 421
19 3 285 420
19 3 286 420
19 3 287 419
19 3 288 418
19 3 289 417
19 3 290 417
19 3 291 416
19 3 292 415
19 3 293 415
19 3 294 414
19 3 295 414
19 3 296 413
19 3 297 412
19 3 298 412
19 3 299 411
19 3 300 410
19 3 301 410
19 3 302 409
19 3 302 408
19 3 302 407
19 3 302 406
19 3 302 405
19 3 302 404
19 3 302 403
19 3 302 402
19 3 303 401
19 3 304 400
19 3 304 399
19 3 305 398
19 3 306 397
19 3 307 396
19 3 307 395
19 3 308 394
19 3 308 393
19 3 309 392
19 3 310 391
19 3 310 390
19 3 310 389
19 3 310 388
19 3 310 387
19 3 310 386
19 3 310 385
19 3 310 384
19 3 309 383
19 3 309 382
19 3 309 381
19 3 309 380
19 3 309 379
19 3 308 378
19 3 308 377
19 3 308 376
19 3 307 375
19 3 307 374
19 3 307 373
19 3 306 372
19 3 306 371
19 3 306 370
19 3 305 369
19 3 305 368
19 3 305 367
19 3 304 366
19 3 304 365
19 3 304 364
19 3 304 363
19 3 303 362
19 3 303 361
19 3 303 360
19 3 302 359
19 3 302 358
19 3 302 357
19 3 302 356
19 3 301 355
19 3 301 354
19 3 300 353
19 3 300 352
19 3 300 351
19 3 299 350
19 3 299 349
19 3 298 348
19 3 298 347
19 3 298 346
19 3 297 345
19 3 297 344
19 3 296 343
19 3 296 342
19 3 295 341
19 3 295 340
19 3 294 339
19 3 294 338
19 3 293 337
19 3 293 336
19 3 292 335
19 3 291 334
19 3 291 333
19 3 290 332
19 3 289 331
19 3 288 330
19 3 287 329
19 3 286 328
19 3 285 327
19 3 284 326
19 3 283 325
19 3 282 325
19 3 281 324
19 3 280 323
19 3 279 322
19 3 278 322
19 3 277 321
19 3 276 321
19 3 275 320
19 3 274 319
19 3 273 319
19 3 272 318
19 3 271 318
19 3 270 317
19 3 269 317
19 3 268 317
19 3 267 317
19 3 266 316
20 1 225 45
20 1 224 46
20 1 223 46
20 1 222 46
20 1 221 46
20 1 220 47
20 1 219 47
20 1 218 47
20 1 217 48
20 1 216 48
20 1 215 48
20 1 214 49
20 1 213 49
20 1 212 50
20 1 211 50
20 1 210 51
20 1 209 51
20 1 208 52
20 1 207 52
20 1 206 53
20 1 205 53
20 1 204 54
20 1 203 54
20 1 202 55
20 1 201 56
20 1 200 57
20 1 199 58
20 1 198 59
20 1 197 59
20 1 197 60
20 1 196 61
20 1 195 62
20 1 194 63
20 1 193 64
20 1 193 65
20 1 192 66
20 1 191 67
20 1 191 68
20 1 191 69
20 1 190 70
20 1 190 71
20 1 189 72
20 1 189 73
20 1 189 74
20 1 189 75
20 1 188 76
20 1 188 77
20 1 188 78
20 1 188 79
20 1 188 80
20 1 188 81
20 1 188 82
20 1 188 83
20 1 189 84
20 1 189 85
20 1 189 86
20 1 189 87
20 1 190 88
20 1 190 89
20 1 190 90
20 1 191 91
20 1 191 92
20 1 191 93
20 1 192 94
20 1 192 95
20 1 193 96
20 1 193 97
20 1 194 98
20 1 194 99
20 1 195 100
20 1 195 101
20 1 196 102
20 1 196 103
20 1 197 104
20 1 198 105
20 1 198 106
20 1 199 107
20 1 200 108
20 1 200 109
20 1 201 110
20 1 202 111
20 1 203 112
20 1 203 113
20 1 204 114
20 1 205 115
20 1 206 116
20 1 207 117
20 1 208 118
20 1 209 118
20 1 210 119
20 1 211 119
20 1 212 120
20 1 213 121
20 1 214 121
20 1 215 122
20 1 216 122
20 1 217 123
20 1 218 124
20 1 219 125
20 1 220 125
20 1 221 126
20 1 222 125
20 1 223 125
20 1 224 125
20 1 225 125
20 1 226 125
20 1 227 125
20 1 228 125
20 1 229 125
20 1 230 125
20 1 231 125
20 1 232 125
20 1 233 126
20 1 234 126
20 1 235 127
20 1 236 128
20 1 237 129
20 1 238 129
20 1 239 128
20 1 240 128
20 1 241 128
20 1 242 128
20 1 243 127
20 1 244 127
20 1 245 127
20 1 246 127
20 1 247 127
20 1 248 127
20 1 249 127
20 1 250 127
20 1 251 127
20 1 252 127
20 1 253 128
20 1 254 129
20 1 255 130
20 1 255 131
20 1 256 132
20 1 257 133
20 1 258 134
20 1 259 134
20 1 260 135
20 1 261 135
20 1 262 136
20 1 263 137
20 1 264 138
20 1 265 138
20 1 266 139
20 1 267 140
20 1 268 141
20 1 269 142
20 1 269 143
20 1 269 144
20 1 270 145
20 1 271 145
20 1 272 146
20 1 273 147
20 1 274 148
20 1 275 149
20 1 276 150
20 1 276 151
20 1 277 152
20 1 278 153
20 1 279 154
20 1 280 154
20 1 281 155
20 1 282 156
20 1 283 156
20 1 284 157
20 1 285 157
20 1 286 158
20 1 287 158
20 1 288 158
20 1 289 158
20 1 290 158
20 1 291 158
20 1 292 158
20 1 293 157
20 1 294 157
20 1 295 156
20 1 296 156
20 1 297 155
20 1 298 154
20 1 299 153
20 1 300 153
20 1 301 152
20 1 302 151
20 1 303 150
20 1 303 149
20 1 304 148
20 1 305 147
20 1 306 146
20 1 307 145
20 1 308 144
20 1 309 143
20 1 310 142
20 1 310 141
20 1 311 140
20 1 312 139
20 1 313 138
20 1 314 137
20 1 314 136
20 1 315 135
20 1 316 134
20 1 317 133
20 1 318 132
20 1 318 131
20 1 319 130
20 1 319 129
20 1 320 128
20 1 321 127
20 1 322 127
20 1 322 126
20 1 322 125
20 1 322 124
20 1 322 123
20 1 322 122
20 1 322 121
20 1 322 120
20 1 322 119
20 1 322 118
20 1 322 117
20 1 322 116
20 1 323 115
20 1 323 114
20 1 323 113
20 1 323 112
20 1 323 111
20 1 324 110
20 1 324 109
20 1 324 108
20 1 325 107
20 1 325 106
20 1 325 105
20 1 325 104
20 1 325 103
20 1 325 102
20 1 325 101
20 1 324 100
20 1 324 99
20 1 323 98
20 1 323 97
20 1 323 96
20 1 323 95
20 1 323 94
20 1 322 93
20 1 321 92
20 1 320 91
20 1 319 91
20 1 318 90
20 1 317 89
20 1 316 88
20 1 315 88
20 1 314 87
20 1 313 87
20 1 312 87
20 1 311 87
20 1 310 87
20 1 309 87
20 1 308 87
20 1 307 87
20 1 306 87
20 1 305 86
20 1 304 85
20 1 304 84
20 1 303 83
20 1 302 82
20 1 301 82
20 1 300 82
20 1 299 81
20 1 298 80
20 1 297 79
20 1 297 78
20 1 297 77
20 1 297 76
20 1 297 75
20 1 296 75
20 1 295 75
20 1 294 75
20 1 293 75
20 1 292 75
20 1 291 75
20 1 290 74
20 1 289 73
20 1 289 72
20 1 289 71
20 1 289 70
20 1 288 69
20 1 287 69
20 1 286 68
20 1 285 67
20 1 284 67
20 1 283 66
20 1 282 66
20 1 281 65
20 1 280 64
20 1 279 64
20 1 278 63
20 1 277 62
20 1 276 62
20 1 275 61
20 1 274 61
20 1 273 60
20 1 272 59
20 1 271 59
20 1 270 58
20 1 269 58
20 1 268 57
20 1 267 56
20 1 266 56
20 1 265 56
20 1 264 56
20 1 263 56
20 1 262 56
20 1 261 56
20 1 260 56
20 1 259 56
20 1 258 56
20 1 257 56
20 1 256 56
20 1 255 55
20 1 254 55
20 1 253 54
20 1 253 53
20 1 252 52
20 1 251 51
20 1 250 50
20 1 249 50
20 1 248 49
20 1 247 49
20 1 246 48
20 1 245 48
20 1 244 48
20 1 243 48
20 1 242 48
20 1 241 48
20 1 240 47
20 1 239 47
20 1 238 46
20 1 237 46
20 1 236 46
20 1 235 45
20 1 234 45
20 1 233 45
20 1 232 45
20 1 231 45
20 1 230 45
20 1 229 45
20 1 228 45
20 1 227 45
20 1 226 45
20 1 225 45
20 2 321 164
20 2 320 165
20 2 319 166
20 2 319 167
20 2 318 168
20 2 317 169
20 2 317 170
20 2 316 171
20 2 316 172
20 2 315 173
20 2 315 174
20 2 314 175
20 2 313 176
20 2 313 177
20 2 313 178
20 2 312 179
20 2 311 180
20 2 310 180
20 2 309 180
20 2 308 181
20 2 307 181
20 2 306 182
20 2 305 183
20 2 304 184
20 2 304 185
20 2 303 186
20 2 302 187
20 2 301 187
20 2 300 188
20 2 299 188
20 2 298 189
20 2 297 189
20 2 296 190
20 2 295 190
20 2 294 191
20 2 293 192
20 2 292 193
20 2 291 193
20 2 290 194
20 2 289 194
20 2 288 194
20 2 287 194
20 2 286 194
20 2 285 194
20 2 284 194
20 2 283 194
20 2 282 194
20 2 281 194
20 2 280 194
20 2 279 194
20 2 278 194
20 2 277 194
20 2 276 194
20 2 275 194
20 2 274 194
20 2 273 193
20 2 272 193
20 2 271 193
20 2 270 193
20 2 269 193
20 2 268 194
20 2 267 194
20 2 266 194
20 2 265 194
20 2 264 195
20 2 263 195
20 2 262 196
20 2 261 197
20 2 260 197
20 2 259 198
20 2 258 198
20 2 257 199
20 2 256 200
20 2 255 201
20 2 254 202
20 2 253 203
20 2 252 204
20 2 251 205
20 2 251 206
20 2 250 207
20 2 249 208
20 2 248 209
20 2 248 210
20 2 247 211
20 2 246 212
20 2 246 213
20 2 245 214
20 2 245 215
20 2 244 216
20 2 244 217
20 2 243 218
20 2 243 219
20 2 242 220
20 2 242 221
20 2 241 222
20 2 240 223
20 2 240 224
20 2 239 225
20 2 238 226
20 2 237 227
20 2 236 227
20 2 235 227
20 2 234 227
20 2 233 227
20 2 232 227
20 2 231 227
20 2 230 227
20 2 229 227
20 2 228 226
20 2 228 225
20 2 228 224
20 2 228 223
20 2 228 222
20 2 228 221
20 2 227 221
20 2 226 222
20 2 225 222
20 2 224 222
20 2 223 222
20 2 222 222
20 2 221 222
20 2 220 222
20 2 219 222
20 2 218 223
20 2 217 223
20 2 216 223
20 2 215 223
20 2 214 224
20 2 213 224
20 2 212 224
20 2 211 224
20 2 210 224
20 2 209 224
20 2 208 224
20 2 207 224
20 2 206 224
20 2 205 224
20 2 204 224
20 2 203 223
20 2 202 223
20 2 201 222
20 2 200 221
20 2 199 221
20 2 198 220
20 2 197 220
20 2 196 220
20 2 195 221
20 2 194 221
20 2 193 222
20 2 192 222
20 2 191 223
20 2 190 224
20 2 189 225
20 2 188 226
20 2 187 227
20 2 186 228
20 2 185 229
20 2 185 230
20 2 184 231
20 2 184 232
20 2 183 233
20 2 183 234
20 2 183 235
20 2 183 236
20 2 183 237
20 2 183 238
20 2 183 239
20 2 183 240
20 2 183 241
20 2 183 242
20 2 184 243
20 2 184 244
20 2 185 245
20 2 186 246
20 2 187 247
20 2 188 248
20 2 189 249
20 2 190 249
20 2 191 250
20 2 192 250
20 2 193 251
20 2 194 251
20 2 194 250
20 2 195 249
20 2 195 248
20 2 196 247
20 2 197 246
20 2 198 246
20 2 199 246
20 2 200 246
20 2 201 246
20 2 202 246
20 2 203 246
20 2 204 246
20 2 205 246
20 2 206 246
20 2 207 246
20 2 208 246
20 2 209 247
20 2 210 247
20 2 211 248
20 2 212 248
20 2 213 249
20 2 214 249
20 2 215 250
20 2 216 251
20 2 217 251
20 2 218 252
20 2 219 252
20 2 220 252
20 2 221 251
20 2 222 250
20 2 223 250
20 2 224 250
20 2 225 250
20 2 226 250
20 2 227 250
20 2 228 250
20 2 229 250
20 2 230 251
20 2 230 252
20 2 231 253
20 2 231 254
20 2 232 255
20 2 233 256
20 2 233 257
20 2 234 258
20 2 234 259
20 2 235 259
20 2 236 260
20 2 237 261
20 2 237 262
20 2 238 263
20 2 238 264
20 2 238 265
20 2 239 266
20 2 239 267
20 2 240 268
20 2 240 269
20 2 241 270
20 2 242 271
20 2 242 272
20 2 243 273
20 2 243 274
20 2 243 275
20 2 244 276
20 2 244 277
20 2 245 278
20 2 245 279
20 2 246 280
20 2 246 281
20 2 247 282
20 2 248 283
20 2 248 284
20 2 249 285
20 2 250 286
20 2 251 287
20 2 252 288
20 2 253 289
20 2 254 289
20 2 255 289
20 2 256 289
20 2 257 289
20 2 258 290
20 2 259 290
20 2 260 291
20 2 261 291
20 2 262 292
20 2 263 292
20 2 264 293
20 2 265 293
20 2 266 293
20 2 267 294
20 2 268 294
20 2 269 295
20 2 270 295
20 2 271 295
20 2 272 296
20 2 273 296
20 2 274 297
20 2 275 297
20 2 276 297
20 2 277 298
20 2 278 298
20 2 279 299
20 2 280 299
20 2 281 300
20 2 282 301
20 2 283 301
20 2 284 302
20 2 285 303
20 2 286 304
20 2 287 304
20 2 288 305
20 2 289 306
20 2 290 307
20 2 291 308
20 2 292 309
20 2 293 310
20 2 293 311
20 2 294 312
20 2 295 313
20 2 296 314
20 2 296 315
20 2 297 316
20 2 297 317
20 2 298 318
20 2 299 319
20 2 299 320
20 2 300 321
20 2 300 322
20 2 301 323
20 2 301 324
20 2 301 325
20 2 302 326
20 2 302 327
20 2 302 328
20 2 303 329
20 2 303 330
20 2 303 331
20 2 304 332
20 2 304 333
20 2 304 334
20 2 305 335
20 2 305 336
20 2 305 337
20 2 306 338
20 2 306 339
20 2 307 340
20 2 307 341
20 2 307 342
20 2 308 343
20 2 308 344
20 2 308 345
20 2 308 346
20 2 308 347
20 2 308 348
20 2 308 349
20 2 308 350
20 2 308 351
20 2 308 352
20 2 308 353
20 2 307 354
20 2 306 354
20 2 305 354
20 2 304 354
20 2 303 354
20 2 302 354
20 2 301 354
20 2 300 354
20 2 299 353
20 2 299 352
20 2 298 351
20 2 298 350
20 2 297 349
20 2 297 348
20 2 296 347
20 2 296 346
20 2 296 345
20 2 295 344
20 2 295 343
20 2 295 342
20 2 294 341
20 2 294 340
20 2 293 339
20 2 293 338
20 2 292 337
20 2 292 336
20 2 291 335
20 2 291 334
20 2 290 333
20 2 290 332
20 2 289 331
20 2 288 330
20 2 288 329
20 2 287 328
20 2 286 327
20 2 285 326
20 2 284 326
20 2 283 325
20 2 282 324
20 2 281 324
20 2 280 323
20 2 279 322
20 2 278 322
20 2 277 321
20 2 276 320
20 2 275 319
20 2 274 319
20 2 273 318
20 2 272 318
20 2 271 317
20 2 270 316
20 2 269 316
20 2 268 315
20 2 267 315
20 2 266 314
20 2 265 314
20 2 264 313
20 2 263 313
20 2 262 313
20 2 261 313
20 2 260 314
20 2 259 315
20 2 258 315
20 2 257 316
20 2 256 316
20 2 255 317
20 2 254 317
20 2 253 318
20 2 252 319
20 2 251 320
20 2 250 321
20 2 249 321
20 2 248 322
20 2 247 323
20 2 246 324
20 2 246 325
20 2 245 326
20 2 244 327
20 2 244 328
20 2 244 329
20 2 243 330
20 2 243 331
20 2 243 332
20 2 243 333
20 2 243 334
20 2 243 335
20 2 243 336
20 2 243 337
20 2 243 338
20 2 243 339
20 2 243 340
20 2 242 341
20 2 241 342
20 2 240 343
20 2 239 344
20 2 238 345
20 2 237 346
20 2 237 347
20 2 236 348
20 2 236 349
20 2 235 350
20 2 235 351
20 2 234 352
20 2 233 353
20 2 232 354
20 2 231 355
20 2 231 356
20 2 230 357
20 2 230 358
20 2 230 359
20 2 229 360
20 2 229 361
20 2 228 362
20 2 227 362
20 2 226 363
20 2 225 363
20 2 224 364
20 2 223 364
20 2 222 364
20 2 221 364
20 2 220 364
20 2 219 365
20 2 218 365
20 2 217 366
20 2 216 366
20 2 215 366
20 2 214 366
20 2 213 367
20 2 212 367
20 2 211 368
20 2 210 368
20 2 209 368
20 2 208 368
20 2 207 369
20 2 206 370
20 2 206 371
20 2 205 372
20 2 205 373
20 2 204 374
20 2 204 375
20 2 204 376
20 2 204 377
20 2 204 378
20 2 203 379
20 2 203 380
20 2 203 381
20 2 203 382
20 2 203 383
20 2 203 384
20 2 203 385
20 2 202 386
20 2 202 387
20 2 202 388
20 2 202 389
20 2 202 390
20 2 202 391
20 2 202 392
20 2 202 393
20 2 202 394
20 2 202 395
20 2 202 396
20 2 201 397
20 2 201 398
20 2 201 399
20 2 200 400
20 2 200 401
20 2 200 402
20 2 200 403
20 2 199 404
20 2 199 405
20 2 199 406
20 2 198 407
20 2 198 408
20 2 198 409
20 2 198 410
20 2 197 411
20 2 197 412
20 2 197 413
20 2 197 414
20 2 197 415
20 2 197 416
20 2 197 417
20 2 198 418
20 2 198 419
20 2 198 420
20 2 198 421
20 2 199 422
20 2 199 423
20 2 199 424
20 2 200 425
20 2 200 426
20 2 201 427
20 2 201 428
20 2 202 429
20 2 202 430
20 2 203 431
20 2 204 432
20 2 204 433
20 2 205 434
20 2 206 435
20 2 207 436
20 2 208 437
20 2 209 438
20 2 210 439
20 2 211 440
20 2 212 440
20 2 213 441
20 2 214 442
20 2 215 442
20 2 216 443
20 2 217 443
20 2 218 444
20 2 219 444
20 2 220 444
20 2 221 445
20 2 222 445
20 2 223 445
20 2 224 446
20 2 225 446
20 2 226 446
20 2 227 446
20 2 228 447
20 2 229 447
20 2 230 447
20 2 231 447
20 2 232 447
20 2 233 447
20 2 234 447
20 2 235 447
20 2 236 446
20 2 237 446
20 2 238 446
20 2 239 445
20 2 240 445
20 2 241 444
20 2 242 444
20 2 243 443
20 2 244 442
20 2 245 442
20 2 246 442
20 2 247 442
20 2 248 441
20 2 249 440
20 2 250 439
20 2 251 439
20 2 252 439
20 2 253 439
20 2 254 439
20 2 255 439
20 2 256 439
20 2 257 439
20 2 258 439
20 2 259 439
20 2 260 439
20 2 261 438
20 2 262 438
20 2 263 437
20 2 264 437
20 2 265 436
20 2 266 436
20 2 267 436
20 2 267 435
20 2 268 434
20 2 269 433
20 2 270 433
20 2 271 432
20 2 272 431
20 2 273 431
20 2 274 430
20 2 275 429
20 2 276 429
20 2 277 428
20 2 278 427
20 2 279 427
20 2 280 426
20 2 281 425
20 2 282 425
20 2 283 424
20 2 284 424
20 2 285 423
20 2 286 422
20 2 287 422
20 2 288 421
20 2 289 420
20 2 290 420
20 2 291 419
20 2 292 419
20 2 293 418
20 2 294 418
20 2 295 417
20 2 296 416
20 2 297 416
20 2 298 415
20 2 299 414
20 2 300 414
20 2 301 413
20 2 302 412
20 2 303 411
20 2 304 411
20 2 305 410
20 2 306 410
20 2 307 409
20 2 308 408
20 2 308 407
20 2 309 406
20 2 310 405
20 2 311 405
20 2 312 404
20 2 313 403
20 2 314 402
20 2 315 402
20 2 316 401
20 2 317 400
20 2 318 399
20 2 319 398
20 2 320 397
20 2 320 396
20 2 320 395
20 2 320 394
20 2 320 393
20 2 320 392
20 2 320 391
20 2 321 390
20 2 321 389
20 2 322 388
20 2 322 387
20 2 323 386
20 2 323 385
20 2 323 384
20 2 324 383
20 2 324 382
20 2 325 381
20 2 325 380
20 2 325 379
20 2 325 378
20 2 325 377
20 2 325 376
20 2 325 375
20 2 326 374
20 2 326 373
20 2 327 372
20 2 328 371
20 2 329 371
20 2 329 370
20 2 330 369
20 2 331 368
20 2 331 367
20 2 332 366
20 2 332 365
20 2 332 364
20 2 332 363
20 2 332 362
20 2 332 361
20 2 332 360
20 2 332 359
20 2 332 358
20 2 332 357
20 2 332 356
20 2 332 355
20 2 332 354
20 2 332 353
20 2 332 352
20 2 332 351
20 2 332 350
20 2 332 349
20 2 332 348
20 2 332 347
20 2 332 346
20 2 332 345
20 2 332 344
20 2 332 343
20 2 332 342
20 2 332 341
20 2 331 340
20 2 331 339
20 2 331 338
20 2 331 337
20 2 331 336
20 2 331 335
20 2 331 334
20 2 331 333
20 2 331 332
20 2 331 331
20 2 331 330
20 2 331 329
20 2 331 328
20 2 331 327
20 2 331 326
20 2 331 325
20 2 331 324
20 2 331 323
20 2 331 322
20 2 331 321
20 2 331 320
20 2 331 319
20 2 331 318
20 2 331 317
20 2 331 316
20 2 331 315
20 2 331 314
20 2 331 313
20 2 331 312
20 2 331 311
20 2 331 310
20 2 332 309
20 2 332 308
20 2 332 307
20 2 332 306
20 2 332 305
20 2 332 304
20 2 332 303
20 2 332 302
20 2 332 301
20 2 332 300
20 2 332 299
20 2 332 298
20 2 332 297
20 2 332 296
20 2 333 295
20 2 333 294
20 2 333 293
20 2 333 292
20 2 333 291
20 2 333 290
20 2 334 289
20 2 334 288
20 2 334 287
20 2 335 286
20 2 335 285
20 2 335 284
20 2 336 283
20 2 336 282
20 2 336 281
20 2 336 280
20 2 337 279
20 2 337 278
20 2 337 277
20 2 338 276
20 2 338 275
20 2 338 274
20 2 339 273
20 2 339 272
20 2 339 271
20 2 340 270
20 2 340 269
20 2 341 268
20 2 341 267
20 2 341 266
20 2 342 265
20 2 342 264
20 2 342 263
20 2 343 262
20 2 343 261
20 2 344 260
20 2 344 259
20 2 344 258
20 2 344 257
20 2 345 256
20 2 345 255
20 2 345 254
20 2 345 253
20 2 345 252
20 2 344 251
20 2 344 250
20 2 344 249
20 2 344 248
20 2 344 247
20 2 343 246
20 2 343 245
20 2 343 244
20 2 343 243
20 2 342 242
20 2 342 241
20 2 342 240
20 2 342 239
20 2 341 238
20 2 341 237
20 2 341 236
20 2 341 235
20 2 341 234
20 2 340 233
20 2 340 232
20 2 340 231
20 2 340 230
20 2 339 229
20 2 339 228
20 2 339 227
20 2 339 226
20 2 339 225
20 2 339 224
20 2 338 223
20 2 338 222
20 2 338 221
20 2 338 220
20 2 338 219
20 2 337 218
20 2 337 217
20 2 337 216
20 2 337 215
20 2 336 214
20 2 336 213
20 2 336 212
20 2 336 211
20 2 336 210
20 2 335 209
20 2 335 208
20 2 334 207
20 2 334 206
20 2 334 205
20 2 334 204
20 2 334 203
20 2 334 202
20 2 333 201
20 2 333 200
20 2 332 199
20 2 332 198
20 2 332 197
20 2 331 196
20 2 331 195
20 2 331 194
20 2 331 193
20 2 331 192
20 2 330 191
20 2 330 190
20 2 329 189
20 2 328 188
20 2 327 188
20 2 326 187
20 2 325 186
20 2 324 185
20 2 323 184
20 2 323 183
20 2 323 182
20 2 323 181
20 2 323 180
20 2 323 179
20 2 323 178
20 2 323 177
20 2 323 176
20 2 323 175
20 2 323 174
20 2 323 173
20 2 323 172
20 2 323 171
20 2 323 170
20 2 323 169
20 2 323 168
20 2 324 167
20 2 324 166
20 2 324 165
20 2 324 164
20 2 323 164
20 2 322 164
20 2 321 164