17 1 219 46
17 1 218 47
17 1 217 47
17 1 216 47
17 1 215 47
17 1 214 47
17 1 213 48
17 1 212 48
17 1 211 48
17 1 210 48
17 1 209 48
17 1 208 48
17 1 207 49
17 1 206 49
17 1 205 49
17 1 204 49
17 1 203 50
17 1 202 50
17 1 201 50
17 1 200 50
17 1 199 51
17 1 198 51
17 1 197 51
17 1 196 52
17 1 195 52
17 1 194 53
17 1 193 53
17 1 192 54
17 1 191 54
17 1 190 55
17 1 189 55
17 1 188 56
17 1 187 57
17 1 186 58
17 1 185 58
17 1 184 59
17 1 183 60
17 1 182 61
17 1 181 62
17 1 181 63
17 1 180 64
17 1 179 65
17 1 179 66
17 1 178 67
17 1 178 68
17 1 177 69
17 1 177 70
17 1 176 71
17 1 176 72
17 1 176 73
17 1 176 74
17 1 175 75
17 1 175 76
17 1 175 77
17 1 175 78
17 1 175 79
17 1 175 80
17 1 175 81
17 1 175 82
17 1 176 83
17 1 176 84
17 1 176 85
17 1 176 86
17 1 177 87
17 1 177 88
17 1 177 89
17 1 178 90
17 1 178 91
17 1 179 92
17 1 179 93
17 1 180 94
17 1 180 95
17 1 181 96
17 1 181 97
17 1 182 98
17 1 182 99
17 1 183 100
17 1 184 101
17 1 184 102
17 1 185 103
17 1 186 104
17 1 187 105
17 1 188 106
17 1 188 107
17 1 189 108
17 1 190 109
17 1 191 110
17 1 191 111
17 1 192 112
17 1 193 113
17 1 194 114
17 1 195 115
17 1 196 116
17 1 197 117
17 1 198 118
17 1 199 119
17 1 200 120
17 1 201 121
17 1 202 121
17 1 203 122
17 1 204 123
17 1 205 123
17 1 206 124
17 1 207 124
17 1 208 125
17 1 209 125
17 1 210 125
17 1 211 126
17 1 212 126
17 1 213 126
17 1 214 126
17 1 215 126
17 1 216 126
17 1 217 127
17 1 218 127
17 1 219 127
17 1 220 128
17 1 221 128
17 1 222 128
17 1 223 127
17 1 224 127
17 1 225 127
17 1 226 127
17 1 227 127
17 1 228 127
17 1 229 127
17 1 230 127
17 1 231 127
17 1 232 127
17 1 233 127
17 1 234 127
17 1 235 127
17 1 236 127
17 1 237 128
17 1 238 129
17 1 239 130
17 1 240 130
17 1 241 130
17 1 242 129
17 1 243 128
17 1 244 128
17 1 245 127
17 1 246 127
17 1 247 127
17 1 248 127
17 1 249 127
17 1 250 127
17 1 251 127
17 1 252 127
17 1 253 127
17 1 254 128
17 1 255 128
17 1 256 128
17 1 257 128
17 1 258 129
17 1 259 129
17 1 260 130
17 1 261 131
17 1 262 132
17 1 263 133
17 1 264 133
17 1 265 133
17 1 266 133
17 1 267 134
17 1 268 134
17 1 269 134
17 1 270 134
17 1 271 135
17 1 272 135
17 1 273 136
17 1 274 136
17 1 275 137
17 1 276 138
17 1 277 139
17 1 278 139
17 1 279 140
17 1 280 141
17 1 281 141
17 1 282 141
17 1 283 142
17 1 284 142
17 1 285 142
17 1 286 142
17 1 287 143
17 1 288 143
17 1 289 143
17 1 290 143
17 1 291 142
17 1 292 142
17 1 293 142
17 1 294 142
17 1 295 142
17 1 296 141
17 1 297 141
17 1 298 141
17 1 299 140
17 1 300 140
17 1 301 139
17 1 302 139
17 1 303 138
17 1 304 138
17 1 305 137
17 1 306 137
17 1 307 136
17 1 308 135
17 1 309 134
17 1 310 133
17 1 311 132
17 1 312 131
17 1 313 130
17 1 313 129
17 1 314 128
17 1 314 127
17 1 315 126
17 1 316 125
17 1 316 124
17 1 316 123
17 1 316 122
17 1 317 121
17 1 317 120
17 1 317 119
17 1 317 118
17 1 317 117
17 1 316 116
17 1 316 115
17 1 316 114
17 1 316 113
17 1 316 112
17 1 316 111
17 1 316 110
17 1 315 109
17 1 314 108
17 1 313 107
17 1 313 106
17 1 312 105
17 1 312 104
17 1 311 104
17 1 310 103
17 1 309 102
17 1 308 101
17 1 307 100
17 1 307 99
17 1 306 98
17 1 306 97
17 1 305 96
17 1 305 95
17 1 304 94
17 1 303 93
17 1 302 92
17 1 301 92
17 1 300 91
17 1 299 90
17 1 298 89
17 1 298 88
17 1 297 87
17 1 297 86
17 1 297 85
17 1 297 84
17 1 296 84
17 1 295 84
17 1 294 84
17 1 293 84
17 1 292 84
17 1 291 84
17 1 290 84
17 1 289 83
17 1 289 82
17 1 288 81
17 1 288 80
17 1 288 79
17 1 288 78
17 1 288 77
17 1 287 77
17 1 286 76
17 1 285 76
17 1 284 75
17 1 283 74
17 1 282 74
17 1 281 73
17 1 280 72
17 1 279 72
17 1 278 71
17 1 277 71
17 1 276 70
17 1 275 69
17 1 274 69
17 1 273 68
17 1 272 68
17 1 271 67
17 1 270 66
17 1 269 66
17 1 268 65
17 1 267 65
17 1 266 64
17 1 265 63
17 1 264 63
17 1 263 62
17 1 262 62
17 1 261 61
17 1 260 61
17 1 259 61
17 1 258 61
17 1 257 61
17 1 256 61
17 1 255 61
17 1 254 61
17 1 253 61
17 1 252 61
17 1 251 61
17 1 250 60
17 1 249 60
17 1 248 59
17 1 247 58
17 1 247 57
17 1 246 56
17 1 245 55
17 1 244 55
17 1 243 54
17 1 242 54
17 1 241 54
17 1 240 54
17 1 239 53
17 1 238 53
17 1 237 52
17 1 236 51
17 1 235 51
17 1 234 50
17 1 233 49
17 1 232 49
17 1 231 48
17 1 230 48
17 1 229 47
17 1 228 47
17 1 227 47
17 1 226 47
17 1 225 46
17 1 224 46
17 1 223 46
17 1 222 46
17 1 221 46
17 1 220 46
17 1 219 46
17 2 301 190
17 2 301 191
17 2 300 192
17 2 299 192
17 2 298 192
17 2 297 192
17 2 296 192
17 2 295 192
17 2 294 192
17 2 293 192
17 2 292 193
17 2 291 193
17 2 290 194
17 2 289 194
17 2 288 194
17 2 287 194
17 2 286 194
17 2 285 194
17 2 284 194
17 2 283 194
17 2 282 194
17 2 281 193
17 2 280 192
17 2 279 192
17 2 278 192
17 2 277 192
17 2 276 192
17 2 275 192
17 2 274 192
17 2 273 192
17 2 272 191
17 2 271 191
17 2 270 191
17 2 269 191
17 2 268 191
17 2 267 191
17 2 266 191
17 2 265 191
17 2 264 191
17 2 263 191
17 2 262 192
17 2 261 192
17 2 260 193
17 2 259 193
17 2 258 194
17 2 257 195
17 2 256 196
17 2 255 197
17 2 255 198
17 2 254 199
17 2 253 200
17 2 252 200
17 2 251 200
17 2 250 200
17 2 249 200
17 2 248 200
17 2 248 201
17 2 247 202
17 2 246 202
17 2 245 202
17 2 244 202
17 2 243 202
17 2 242 202
17 2 241 202
17 2 240 202
17 2 239 202
17 2 238 201
17 2 237 202
17 2 236 203
17 2 235 203
17 2 234 203
17 2 233 203
17 2 232 203
17 2 231 203
17 2 230 203
17 2 229 203
17 2 228 202
17 2 227 201
17 2 227 200
17 2 226 199
17 2 226 198
17 2 225 197
17 2 224 198
17 2 223 198
17 2 222 198
17 2 221 199
17 2 220 199
17 2 219 200
17 2 218 201
17 2 217 201
17 2 216 201
17 2 215 202
17 2 214 202
17 2 213 203
17 2 212 203
17 2 211 203
17 2 210 204
17 2 209 204
17 2 208 205
17 2 207 205
17 2 206 206
17 2 205 206
17 2 204 207
17 2 203 207
17 2 202 208
17 2 201 209
17 2 200 210
17 2 199 210
17 2 198 211
17 2 197 212
17 2 196 212
17 2 195 213
17 2 194 214
17 2 193 215
17 2 192 215
17 2 191 216
17 2 190 217
17 2 189 218
17 2 188 219
17 2 187 220
17 2 186 221
17 2 186 222
17 2 185 223
17 2 184 224
17 2 184 225
17 2 183 226
17 2 183 227
17 2 182 228
17 2 182 229
17 2 181 230
17 2 181 231
17 2 180 232
17 2 180 233
17 2 179 234
17 2 179 235
17 2 178 236
17 2 178 237
17 2 178 238
17 2 178 239
17 2 178 240
17 2 179 241
17 2 179 242
17 2 179 243
17 2 179 244
17 2 180 245
17 2 180 246
17 2 181 247
17 2 181 248
17 2 181 249
17 2 182 250
17 2 182 251
17 2 183 252
17 2 184 253
17 2 185 254
17 2 185 255
17 2 186 256
17 2 187 257
17 2 188 258
17 2 189 259
17 2 190 260
17 2 191 260
17 2 192 261
17 2 193 262
17 2 194 263
17 2 195 264
17 2 196 265
17 2 197 265
17 2 198 266
17 2 199 267
17 2 200 268
17 2 201 268
17 2 202 269
17 2 203 269
17 2 204 270
17 2 205 270
17 2 206 271
17 2 207 271
17 2 208 271
17 2 209 270
17 2 210 270
17 2 211 270
17 2 212 270
17 2 213 270
17 2 214 269
17 2 215 269
17 2 216 269
17 2 217 269
17 2 218 269
17 2 219 269
17 2 220 269
17 2 221 269
17 2 222 269
17 2 223 269
17 2 224 269
17 2 225 270
17 2 226 270
17 2 227 271
17 2 228 271
17 2 229 271
17 2 230 271
17 2 231 271
17 2 232 271
17 2 233 271
17 2 234 271
17 2 235 271
17 2 236 272
17 2 237 273
17 2 237 274
17 2 238 275
17 2 239 275
17 2 240 276
17 2 241 277
17 2 241 278
17 2 242 278
17 2 243 278
17 2 244 279
17 2 245 280
17 2 246 281
17 2 246 282
17 2 247 283
17 2 248 284
17 2 248 285
17 2 249 286
17 2 250 287
17 2 251 287
17 2 252 288
17 2 253 289
17 2 254 290
17 2 255 290
17 2 256 291
17 2 257 291
17 2 258 291
17 2 259 292
17 2 260 292
17 2 261 293
17 2 262 293
17 2 263 294
17 2 264 294
17 2 265 294
17 2 266 295
17 2 267 295
17 2 268 295
17 2 269 295
17 2 270 296
17 2 271 296
17 2 272 297
17 2 273 297
17 2 274 297
17 2 275 298
17 2 276 298
17 2 277 298
17 2 278 298
17 2 279 299
17 2 280 299
17 2 281 299
17 2 282 300
17 2 283 300
17 2 284 301
17 2 285 302
17 2 286 302
17 2 287 303
17 2 288 303
17 2 289 304
17 2 290 304
17 2 291 304
17 2 292 305
17 2 293 305
17 2 294 305
17 2 295 306
17 2 296 306
17 2 297 306
17 2 298 307
17 2 299 307
17 2 300 308
17 2 301 309
17 2 302 310
17 2 303 310
17 2 304 311
17 2 305 312
17 2 305 313
17 2 306 314
17 2 306 315
17 2 307 316
17 2 307 317
17 2 307 318
17 2 307 319
17 2 307 320
17 2 308 321
17 2 308 322
17 2 308 323
17 2 308 324
17 2 308 325
17 2 308 326
17 2 308 327
17 2 308 328
17 2 308 329
17 2 309 330
17 2 309 331
17 2 310 332
17 2 310 333
17 2 310 334
17 2 311 335
17 2 311 336
17 2 311 337
17 2 312 338
17 2 312 339
17 2 313 340
17 2 313 341
17 2 314 342
17 2 314 343
17 2 315 344
17 2 314 343
17 2 314 342
17 2 314 341
17 2 314 340
17 2 314 339
17 2 314 338
17 2 313 337
17 2 313 336
17 2 313 335
17 2 313 334
17 2 313 333
17 2 313 332
17 2 313 331
17 2 313 330
17 2 313 329
17 2 313 328
17 2 313 327
17 2 313 326
17 2 313 325
17 2 313 324
17 2 313 323
17 2 313 322
17 2 313 321
17 2 313 320
17 2 313 319
17 2 313 318
17 2 313 317
17 2 313 316
17 2 313 315
17 2 313 314
17 2 313 313
17 2 313 312
17 2 313 311
17 2 313 310
17 2 314 309
17 2 314 308
17 2 314 307
17 2 314 306
17 2 314 305
17 2 314 304
17 2 315 303
17 2 315 302
17 2 315 301
17 2 315 300
17 2 315 299
17 2 316 298
17 2 316 297
17 2 317 296
17 2 317 295
17 2 318 294
17 2 318 293
17 2 318 292
17 2 319 291
17 2 319 290
17 2 320 289
17 2 321 288
17 2 322 288
17 2 323 288
17 2 323 287
17 2 324 286
17 2 325 285
17 2 325 284
17 2 325 283
17 2 326 282
17 2 327 281
17 2 327 280
17 2 328 279
17 2 328 278
17 2 329 277
17 2 329 276
17 2 330 275
17 2 330 274
17 2 330 273
17 2 331 272
17 2 331 271
17 2 332 270
17 2 332 269
17 2 332 268
17 2 332 267
17 2 333 266
17 2 333 265
17 2 333 264
17 2 333 263
17 2 334 262
17 2 334 261
17 2 334 260
17 2 334 259
17 2 334 258
17 2 334 257
17 2 334 256
17 2 335 255
17 2 335 254
17 2 335 253
17 2 335 252
17 2 335 251
17 2 335 250
17 2 335 249
17 2 335 248
17 2 335 247
17 2 335 246
17 2 335 245
17 2 334 244
17 2 334 243
17 2 334 242
17 2 334 241
17 2 334 240
17 2 334 239
17 2 333 238
17 2 333 237
17 2 333 236
17 2 333 235
17 2 333 234
17 2 332 233
17 2 332 232
17 2 332 231
17 2 331 230
17 2 331 229
17 2 331 228
17 2 330 227
17 2 330 226
17 2 329 225
17 2 329 224
17 2 329 223
17 2 328 222
17 2 328 221
17 2 327 220
17 2 326 219
17 2 325 219
17 2 324 218
17 2 323 217
17 2 322 216
17 2 322 215
17 2 321 214
17 2 321 213
17 2 320 212
17 2 320 211
17 2 319 210
17 2 319 209
17 2 319 208
17 2 318 207
17 2 318 206
17 2 318 205
17 2 317 204
17 2 317 203
17 2 316 202
17 2 316 201
17 2 316 200
17 2 315 199
17 2 314 198
17 2 314 197
17 2 313 196
17 2 313 195
17 2 312 194
17 2 311 193
17 2 310 192
17 2 310 191
17 2 309 190
17 2 308 190
17 2 307 190
17 2 306 190
17 2 305 190
17 2 304 190
17 2 303 190
17 2 302 190
17 2 301 190
17 3 265 324
17 3 264 325
17 3 263 325
17 3 262 325
17 3 261 326
17 3 260 326
17 3 259 327
17 3 258 327
17 3 257 328
17 3 257 329
17 3 256 330
17 3 256 331
17 3 256 332
17 3 255 333
17 3 254 333
17 3 254 334
17 3 253 335
17 3 253 336
17 3 253 337
17 3 253 338
17 3 252 339
17 3 251 340
17 3 250 340
17 3 249 341
17 3 248 341
17 3 247 342
17 3 246 343
17 3 245 344
17 3 244 344
17 3 243 345
17 3 242 346
17 3 241 347
17 3 240 348
17 3 239 349
17 3 238 350
17 3 237 351
17 3 236 352
17 3 235 353
17 3 234 353
17 3 234 354
17 3 233 355
17 3 233 356
17 3 233 357
17 3 233 358
17 3 232 359
17 3 231 360
17 3 230 360
17 3 229 360
17 3 228 360
17 3 227 360
17 3 226 360
17 3 225 360
17 3 224 360
17 3 223 361
17 3 222 361
17 3 221 361
17 3 220 361
17 3 219 361
17 3 218 361
17 3 217 361
17 3 216 361
17 3 215 361
17 3 214 361
17 3 213 361
17 3 212 362
17 3 211 362
17 3 210 362
17 3 209 362
17 3 208 362
17 3 207 362
17 3 206 362
17 3 205 362
17 3 204 363
17 3 203 364
17 3 202 365
17 3 201 366
17 3 200 367
17 3 200 368
17 3 200 369
17 3 199 370
17 3 198 371
17 3 198 372
17 3 197 373
17 3 197 374
17 3 196 375
17 3 196 376
17 3 195 377
17 3 195 378
17 3 195 379
17 3 194 380
17 3 194 381
17 3 194 382
17 3 194 383
17 3 194 384
17 3 193 385
17 3 193 386
17 3 193 387
17 3 193 388
17 3 193 389
17 3 193 390
17 3 193 391
17 3 192 392
17 3 192 393
17 3 192 394
17 3 192 395
17 3 192 396
17 3 192 397
17 3 191 398
17 3 191 399
17 3 191 400
17 3 190 401
17 3 190 402
17 3 190 403
17 3 190 404
17 3 189 405
17 3 189 406
17 3 189 407
17 3 188 408
17 3 188 409
17 3 188 410
17 3 188 411
17 3 188 412
17 3 188 413
17 3 189 414
17 3 189 415
17 3 189 416
17 3 189 417
17 3 190 418
17 3 190 419
17 3 190 420
17 3 191 421
17 3 191 422
17 3 192 423
17 3 192 424
17 3 193 425
17 3 193 426
17 3 194 427
17 3 194 428
17 3 195 429
17 3 196 430
17 3 196 431
17 3 197 432
17 3 198 433
17 3 199 434
17 3 200 435
17 3 201 436
17 3 202 437
17 3 203 438
17 3 204 438
17 3 205 439
17 3 206 440
17 3 207 440
17 3 208 441
17 3 209 441
17 3 210 442
17 3 211 442
17 3 212 443
17 3 213 443
17 3 214 443
17 3 215 444
17 3 216 444
17 3 217 444
17 3 218 444
17 3 219 445
17 3 220 445
17 3 221 445
17 3 222 445
17 3 223 445
17 3 224 445
17 3 225 445
17 3 226 444
17 3 227 444
17 3 228 444
17 3 229 444
17 3 230 444
17 3 231 444
17 3 232 444
17 3 233 444
17 3 234 444
17 3 235 443
17 3 236 443
17 3 237 442
17 3 238 441
17 3 238 440
17 3 239 439
17 3 240 439
17 3 241 438
17 3 242 438
17 3 243 438
17 3 244 437
17 3 244 436
17 3 245 435
17 3 246 434
17 3 247 434
17 3 248 434
17 3 249 434
17 3 250 434
17 3 251 434
17 3 252 434
17 3 253 434
17 3 254 434
17 3 255 434
17 3 256 434
17 3 257 434
17 3 258 433
17 3 259 433
17 3 260 432
17 3 261 431
17 3 261 430
17 3 261 429
17 3 261 428
17 3 261 427
17 3 262 426
17 3 263 425
17 3 264 424
17 3 265 424
17 3 266 424
17 3 267 424
17 3 268 424
17 3 269 424
17 3 270 424
17 3 271 424
17 3 272 424
17 3 273 423
17 3 274 423
17 3 275 422
17 3 276 421
17 3 276 420
17 3 276 419
17 3 276 418
17 3 276 417
17 3 276 416
17 3 277 415
17 3 278 415
17 3 279 415
17 3 280 415
17 3 281 415
17 3 282 415
17 3 283 415
17 3 284 415
17 3 285 415
17 3 286 414
17 3 287 414
17 3 288 413
17 3 289 412
17 3 290 411
17 3 291 411
17 3 292 410
17 3 293 409
17 3 293 408
17 3 293 407
17 3 293 406
17 3 293 405
17 3 293 404
17 3 293 403
17 3 294 402
17 3 295 401
17 3 295 400
17 3 295 399
17 3 296 398
17 3 296 397
17 3 297 396
17 3 297 395
17 3 297 394
17 3 297 393
17 3 298 392
17 3 298 391
17 3 298 390
17 3 298 389
17 3 299 388
17 3 299 387
17 3 299 386
17 3 299 385
17 3 300 384
17 3 301 383
17 3 302 383
17 3 303 383
17 3 304 383
17 3 305 383
17 3 306 383
17 3 307 383
17 3 308 383
17 3 308 382
17 3 308 381
17 3 308 380
17 3 308 379
17 3 308 378
17 3 308 377
17 3 308 376
17 3 308 375
17 3 308 374
17 3 308 373
17 3 308 372
17 3 307 371
17 3 307 370
17 3 307 369
17 3 307 368
17 3 307 367
17 3 307 366
17 3 306 365
17 3 306 364
17 3 306 363
17 3 306 362
17 3 305 361
17 3 305 360
17 3 305 359
17 3 304 358
17 3 304 357
17 3 304 356
17 3 303 355
17 3 303 354
17 3 302 353
17 3 302 352
17 3 301 351
17 3 301 350
17 3 300 349
17 3 300 348
17 3 299 347
17 3 299 346
17 3 298 345
17 3 298 344
17 3 297 343
17 3 296 342
17 3 295 341
17 3 295 340
17 3 294 339
17 3 293 338
17 3 292 337
17 3 291 336
17 3 290 335
17 3 289 334
17 3 288 333
17 3 287 333
17 3 286 332
17 3 285 331
17 3 284 330
17 3 283 329
17 3 282 328
17 3 281 328
17 3 280 327
17 3 279 326
17 3 278 326
17 3 277 325
17 3 276 325
17 3 275 325
17 3 274 325
17 3 273 325
17 3 272 325
17 3 271 325
17 3 270 325
17 3 269 325
17 3 268 325
17 3 267 325
17 3 266 324
17 3 265 324
18 1 224 45
18 1 223 46
18 1 222 46
18 1 221 46
18 1 220 46
18 1 219 46
18 1 218 47
18 1 217 47
18 1 216 47
18 1 215 47
18 1 214 48
18 1 213 48
18 1 212 48
18 1 211 48
18 1 210 49
18 1 209 49
18 1 208 49
18 1 207 49
18 1 206 50
18 1 205 50
18 1 204 50
18 1 203 51
18 1 202 51
18 1 201 52
18 1 200 52
18 1 199 53
18 1 198 53
18 1 197 54
18 1 196 54
18 1 195 55
18 1 194 56
18 1 193 56
18 1 192 57
18 1 191 58
18 1 190 59
18 1 189 60
18 1 188 61
18 1 187 62
18 1 186 63
18 1 185 64
18 1 185 65
18 1 184 66
18 1 183 67
18 1 183 68
18 1 182 69
18 1 182 70
18 1 182 71
18 1 182 72
18 1 181 73
18 1 181 74
18 1 181 75
18 1 181 76
18 1 180 77
18 1 180 78
18 1 180 79
18 1 180 80
18 1 180 81
18 1 181 82
18 1 181 83
18 1 181 84
18 1 181 85
18 1 181 86
18 1 182 87
18 1 182 88
18 1 182 89
18 1 183 90
18 1 183 91
18 1 184 92
18 1 184 93
18 1 184 94
18 1 185 95
18 1 186 96
18 1 186 97
18 1 187 98
18 1 187 99
18 1 188 100
18 1 188 101
18 1 189 102
18 1 190 103
18 1 190 104
18 1 191 105
18 1 192 106
18 1 192 107
18 1 193 108
18 1 194 109
18 1 195 110
18 1 195 111
18 1 196 112
18 1 197 113
18 1 198 114
18 1 199 115
18 1 200 116
18 1 201 117
18 1 202 118
18 1 203 119
18 1 204 120
18 1 205 121
18 1 206 121
18 1 207 122
18 1 208 123
18 1 209 123
18 1 210 124
18 1 211 124
18 1 212 124
18 1 213 124
18 1 214 125
18 1 215 125
18 1 216 125
18 1 217 126
18 1 218 126
18 1 219 127
18 1 220 127
18 1 221 127
18 1 222 127
18 1 223 127
18 1 224 127
18 1 225 126
18 1 226 126
18 1 227 126
18 1 228 126
18 1 229 126
18 1 230 126
18 1 231 126
18 1 232 126
18 1 233 127
18 1 234 127
18 1 235 127
18 1 236 128
18 1 237 129
18 1 238 130
18 1 239 130
18 1 240 130
18 1 241 129
18 1 242 128
18 1 243 128
18 1 244 128
18 1 245 128
18 1 246 128
18 1 247 128
18 1 248 128
18 1 249 128
18 1 250 128
18 1 251 128
18 1 252 128
18 1 253 128
18 1 254 128
18 1 255 128
18 1 256 129
18 1 257 129
18 1 258 130
18 1 259 131
18 1 260 132
18 1 260 133
18 1 261 133
18 1 262 134
18 1 263 134
18 1 264 134
18 1 265 135
18 1 266 135
18 1 267 135
18 1 268 136
18 1 269 136
18 1 270 137
18 1 271 138
18 1 272 139
18 1 273 139
18 1 274 140
18 1 274 141
18 1 275 142
18 1 276 143
18 1 277 143
18 1 278 144
18 1 279 144
18 1 280 145
18 1 281 145
18 1 282 146
18 1 283 146
18 1 284 146
18 1 285 146
18 1 286 146
18 1 287 147
18 1 288 147
18 1 289 147
18 1 290 148
18 1 291 148
18 1 292 148
18 1 293 147
18 1 294 147
18 1 295 147
18 1 296 147
18 1 297 146
18 1 298 146
18 1 299 145
18 1 300 145
18 1 301 144
18 1 302 144
18 1 303 143
18 1 304 142
18 1 305 142
18 1 306 141
18 1 307 140
18 1 308 140
18 1 309 139
18 1 310 138
18 1 311 137
18 1 312 136
18 1 312 135
18 1 313 134
18 1 314 133
18 1 315 132
18 1 315 131
18 1 316 130
18 1 316 129
18 1 317 128
18 1 317 127
18 1 318 126
18 1 318 125
18 1 319 124
18 1 319 123
18 1 319 122
18 1 319 121
18 1 320 120
18 1 320 119
18 1 320 118
18 1 320 117
18 1 320 116
18 1 321 115
18 1 321 114
18 1 321 113
18 1 321 112
18 1 321 111
18 1 321 110
18 1 322 109
18 1 322 108
18 1 322 107
18 1 321 106
18 1 321 105
18 1 321 104
18 1 320 103
18 1 319 102
18 1 319 101
18 1 318 100
18 1 317 99
18 1 317 98
18 1 317 97
18 1 317 96
18 1 317 95
18 1 316 95
18 1 315 95
18 1 314 95
18 1 313 95
18 1 312 95
18 1 311 95
18 1 310 95
18 1 309 95
18 1 308 95
18 1 307 94
18 1 306 93
18 1 305 92
18 1 305 91
18 1 304 90
18 1 304 89
18 1 304 88
18 1 303 88
18 1 302 88
18 1 301 88
18 1 300 88
18 1 299 87
18 1 298 86
18 1 298 85
18 1 297 84
18 1 297 83
18 1 297 82
18 1 297 81
18 1 296 81
18 1 295 81
18 1 294 81
18 1 293 81
18 1 292 81
18 1 291 81
18 1 290 80
18 1 289 79
18 1 288 78
18 1 288 77
18 1 288 76
18 1 288 75
18 1 287 74
18 1 286 73
18 1 285 73
18 1 284 72
18 1 283 71
18 1 282 71
18 1 281 70
18 1 280 69
18 1 279 69
18 1 278 68
18 1 277 68
18 1 276 67
18 1 275 67
18 1 274 66
18 1 273 65
18 1 272 65
18 1 271 64
18 1 270 64
18 1 269 63
18 1 268 62
18 1 267 62
18 1 266 61
18 1 265 60
18 1 264 60
18 1 263 59
18 1 262 59
18 1 261 59
18 1 260 59
18 1 259 59
18 1 258 59
18 1 257 59
18 1 256 59
18 1 255 59
18 1 254 59
18 1 253 59
18 1 252 59
18 1 251 58
18 1 250 57
18 1 249 56
18 1 248 55
18 1 248 54
18 1 247 53
18 1 246 53
18 1 245 52
18 1 244 52
18 1 243 52
18 1 242 52
18 1 241 52
18 1 240 51
18 1 239 51
18 1 238 50
18 1 237 50
18 1 236 49
18 1 235 48
18 1 234 48
18 1 233 47
18 1 232 47
18 1 231 47
18 1 230 46
18 1 229 46
18 1 228 46
18 1 227 46
18 1 226 45
18 1 225 45
18 1 224 45
18 2 309 186
18 2 309 187
18 2 309 188
18 2 308 189
18 2 307 189
18 2 306 189
18 2 305 189
18 2 304 189
18 2 303 189
18 2 302 189
18 2 301 190
18 2 300 191
18 2 299 191
18 2 298 192
18 2 297 193
18 2 296 193
18 2 295 193
18 2 294 193
18 2 293 193
18 2 292 193
18 2 291 193
18 2 290 193
18 2 289 193
18 2 288 193
18 2 287 193
18 2 286 194
18 2 285 194
18 2 284 194
18 2 283 194
18 2 282 194
18 2 281 194
18 2 280 194
18 2 279 194
18 2 278 193
18 2 277 193
18 2 276 192
18 2 275 192
18 2 274 192
18 2 273 192
18 2 272 192
18 2 271 192
18 2 270 192
18 2 269 192
18 2 268 192
18 2 267 193
18 2 266 193
18 2 265 193
18 2 264 193
18 2 263 193
18 2 262 193
18 2 261 194
18 2 260 194
18 2 259 195
18 2 258 195
18 2 257 196
18 2 256 197
18 2 255 198
18 2 254 199
18 2 253 200
18 2 252 201
18 2 251 202
18 2 251 203
18 2 250 204
18 2 249 205
18 2 248 205
18 2 247 205
18 2 246 205
18 2 245 206
18 2 245 207
18 2 244 208
18 2 243 208
18 2 242 208
18 2 241 208
18 2 240 208
18 2 239 208
18 2 238 208
18 2 237 208
18 2 236 207
18 2 236 206
18 2 235 206
18 2 234 207
18 2 233 208
18 2 232 209
18 2 231 209
18 2 230 209
18 2 229 209
18 2 228 209
18 2 227 209
18 2 226 209
18 2 225 209
18 2 224 209
18 2 223 209
18 2 222 209
18 2 221 209
18 2 220 209
18 2 219 209
18 2 218 209
18 2 217 208
18 2 216 207
18 2 216 206
18 2 215 205
18 2 214 206
18 2 213 206
18 2 212 206
18 2 211 207
18 2 210 207
18 2 209 207
18 2 208 208
18 2 207 208
18 2 206 209
18 2 205 209
18 2 204 210
18 2 203 210
18 2 202 211
18 2 201 211
18 2 200 212
18 2 199 213
18 2 198 213
18 2 197 214
18 2 196 215
18 2 195 215
18 2 194 216
18 2 193 217
18 2 192 217
18 2 191 218
18 2 190 219
18 2 189 220
18 2 188 221
18 2 187 222
18 2 186 223
18 2 186 224
18 2 185 225
18 2 184 226
18 2 184 227
18 2 183 228
18 2 182 229
18 2 182 230
18 2 181 231
18 2 181 232
18 2 180 233
18 2 180 234
18 2 179 235
18 2 179 236
18 2 179 237
18 2 178 238
18 2 178 239
18 2 179 240
18 2 179 241
18 2 179 242
18 2 179 243
18 2 179 244
18 2 180 245
18 2 180 246
18 2 181 247
18 2 181 248
18 2 182 249
18 2 182 250
18 2 183 251
18 2 184 252
18 2 185 253
18 2 186 254
18 2 187 255
18 2 188 256
18 2 189 257
18 2 190 257
18 2 191 258
18 2 192 259
18 2 193 260
18 2 194 260
18 2 195 261
18 2 196 261
18 2 197 262
18 2 198 262
18 2 199 263
18 2 200 263
18 2 201 264
18 2 202 264
18 2 203 263
18 2 204 263
18 2 205 262
18 2 206 262
18 2 207 262
18 2 208 262
18 2 209 262
18 2 210 262
18 2 211 262
18 2 212 262
18 2 213 262
18 2 214 263
18 2 215 263
18 2 216 263
18 2 217 263
18 2 218 263
18 2 219 264
18 2 220 264
18 2 221 264
18 2 222 264
18 2 223 264
18 2 224 265
18 2 225 265
18 2 226 265
18 2 227 265
18 2 228 265
18 2 229 265
18 2 230 265
18 2 231 265
18 2 232 265
18 2 233 265
18 2 234 266
18 2 235 267
18 2 235 268
18 2 236 269
18 2 237 270
18 2 238 271
18 2 238 272
18 2 239 273
18 2 240 274
18 2 241 274
18 2 242 275
18 2 243 276
18 2 243 277
18 2 244 278
18 2 244 279
18 2 245 280
18 2 245 281
18 2 246 282
18 2 247 283
18 2 248 284
18 2 249 285
18 2 250 286
18 2 251 287
18 2 252 287
18 2 253 288
18 2 254 289
18 2 255 290
18 2 256 290
18 2 257 291
18 2 258 292
18 2 259 292
18 2 260 293
18 2 261 293
18 2 262 294
18 2 263 294
18 2 264 295
18 2 265 295
18 2 266 295
18 2 267 296
18 2 268 296
18 2 269 296
18 2 270 297
18 2 271 297
18 2 272 297
18 2 273 297
18 2 274 297
18 2 275 298
18 2 276 298
18 2 277 298
18 2 278 299
18 2 279 299
18 2 280 300
18 2 281 300
18 2 282 301
18 2 283 302
18 2 284 302
18 2 285 302
18 2 286 303
18 2 287 303
18 2 288 304
18 2 289 304
18 2 290 305
18 2 291 306
18 2 292 307
18 2 293 307
18 2 294 308
18 2 295 309
18 2 295 310
18 2 296 311
18 2 296 312
18 2 296 313
18 2 297 314
18 2 298 315
18 2 299 316
18 2 300 317
18 2 300 318
18 2 300 319
18 2 301 320
18 2 302 321
18 2 302 322
18 2 303 323
18 2 303 324
18 2 304 325
18 2 304 326
18 2 305 327
18 2 305 328
18 2 306 329
18 2 306 330
18 2 307 331
18 2 307 332
18 2 307 333
18 2 308 334
18 2 308 335
18 2 309 336
18 2 309 337
18 2 310 338
18 2 310 339
18 2 311 340
18 2 311 341
18 2 311 342
18 2 312 343
18 2 312 344
18 2 312 345
18 2 313 346
18 2 313 347
18 2 313 348
18 2 314 349
18 2 314 350
18 2 314 351
18 2 315 352
18 2 315 353
18 2 315 354
18 2 316 355
18 2 316 356
18 2 316 357
18 2 317 358
18 2 317 359
18 2 318 360
18 2 318 361
18 2 318 362
18 2 319 363
18 2 319 364
18 2 320 365
18 2 321 366
18 2 321 365
18 2 321 364
18 2 322 363
18 2 322 362
18 2 322 361
18 2 322 360
18 2 322 359
18 2 322 358
18 2 322 357
18 2 322 356
18 2 321 355
18 2 321 354
18 2 321 353
18 2 321 352
18 2 321 351
18 2 321 350
18 2 321 349
18 2 321 348
18 2 321 347
18 2 321 346
18 2 321 345
18 2 321 344
18 2 321 343
18 2 321 342
18 2 321 341
18 2 321 340
18 2 321 339
18 2 320 338
18 2 320 337
18 2 320 336
18 2 320 335
18 2 320 334
18 2 320 333
18 2 320 332
18 2 320 331
18 2 320 330
18 2 320 329
18 2 320 328
18 2 320 327
18 2 320 326
18 2 320 325
18 2 320 324
18 2 320 323
18 2 320 322
18 2 320 321
18 2 321 320
18 2 322 319
18 2 322 318
18 2 322 317
18 2 322 316
18 2 323 315
18 2 323 314
18 2 323 313
18 2 323 312
18 2 323 311
18 2 323 310
18 2 323 309
18 2 324 308
18 2 324 307
18 2 324 306
18 2 324 305
18 2 324 304
18 2 324 303
18 2 324 302
18 2 325 301
18 2 325 300
18 2 325 299
18 2 325 298
18 2 325 297
18 2 326 296
18 2 326 295
18 2 326 294
18 2 326 293
18 2 326 292
18 2 326 291
18 2 327 290
18 2 327 289
18 2 327 288
18 2 328 287
18 2 328 286
18 2 328 285
18 2 329 284
18 2 329 283
18 2 329 282
18 2 329 281
18 2 329 280
18 2 330 279
18 2 330 278
18 2 331 277
18 2 331 276
18 2 332 275
18 2 332 274
18 2 333 273
18 2 333 272
18 2 334 271
18 2 334 270
18 2 334 269
18 2 335 268
18 2 335 267
18 2 335 266
18 2 335 265
18 2 335 264
18 2 336 263
18 2 336 262
18 2 336 261
18 2 336 260
18 2 337 259
18 2 337 258
18 2 337 257
18 2 337 256
18 2 337 255
18 2 337 254
18 2 338 253
18 2 338 252
18 2 337 251
18 2 337 250
18 2 337 249
18 2 337 248
18 2 337 247
18 2 337 246
18 2 337 245
18 2 337 244
18 2 337 243
18 2 337 242
18 2 336 241
18 2 336 240
18 2 336 239
18 2 336 238
18 2 336 237
18 2 336 236
18 2 336 235
18 2 335 234
18 2 335 233
18 2 334 232
18 2 334 231
18 2 334 230
18 2 334 229
18 2 333 228
18 2 333 227
18 2 333 226
18 2 332 225
18 2 332 224
18 2 332 223
18 2 331 222
18 2 331 221
18 2 331 220
18 2 330 219
18 2 330 218
18 2 330 217
18 2 330 216
18 2 329 215
18 2 329 214
18 2 328 213
18 2 328 212
18 2 327 211
18 2 327 210
18 2 326 209
18 2 325 208
18 2 324 207
18 2 323 206
18 2 322 205
18 2 321 204
18 2 320 203
18 2 320 202
18 2 319 201
18 2 319 200
18 2 318 199
18 2 318 198
18 2 318 197
18 2 317 196
18 2 317 195
18 2 316 194
18 2 315 193
18 2 314 192
18 2 314 191
18 2 313 190
18 2 312 189
18 2 311 188
18 2 310 187
18 2 309 186
18 3 271 320
18 3 270 321
18 3 269 321
18 3 268 321
18 3 267 321
18 3 266 321
18 3 265 321
18 3 264 321
18 3 263 322
18 3 262 322
18 3 261 322
18 3 260 322
18 3 259 323
18 3 258 323
18 3 257 324
18 3 256 324
18 3 255 325
18 3 254 326
18 3 253 327
18 3 252 328
18 3 252 329
18 3 251 330
18 3 251 331
18 3 250 332
18 3 250 333
18 3 249 334
18 3 249 335
18 3 249 336
18 3 249 337
18 3 249 338
18 3 248 339
18 3 247 340
18 3 246 341
18 3 245 342
18 3 244 342
18 3 243 343
18 3 242 344
18 3 241 345
18 3 240 346
18 3 239 347
18 3 239 348
18 3 238 349
18 3 237 350
18 3 236 351
18 3 235 352
18 3 234 353
18 3 233 354
18 3 232 355
18 3 232 356
18 3 232 357
18 3 232 358
18 3 231 359
18 3 230 360
18 3 229 361
18 3 228 361
18 3 227 361
18 3 226 361
18 3 225 361
18 3 224 361
18 3 223 361
18 3 222 362
18 3 221 362
18 3 220 362
18 3 219 363
18 3 218 363
18 3 217 363
18 3 216 363
18 3 215 363
18 3 214 363
18 3 213 363
18 3 212 363
18 3 211 364
18 3 210 364
18 3 209 364
18 3 208 364
18 3 207 364
18 3 206 364
18 3 205 364
18 3 204 365
18 3 203 366
18 3 202 367
18 3 202 368
18 3 201 369
18 3 201 370
18 3 200 371
18 3 200 372
18 3 200 373
18 3 199 374
18 3 199 375
18 3 198 376
18 3 198 377
18 3 197 378
18 3 197 379
18 3 196 380
18 3 196 381
18 3 196 382
18 3 196 383
18 3 196 384
18 3 196 385
18 3 196 386
18 3 195 387
18 3 195 388
18 3 195 389
18 3 195 390
18 3 195 391
18 3 195 392
18 3 195 393
18 3 195 394
18 3 194 395
18 3 194 396
18 3 194 397
18 3 194 398
18 3 194 399
18 3 193 400
18 3 193 401
18 3 193 402
18 3 192 403
18 3 192 404
18 3 192 405
18 3 192 406
18 3 191 407
18 3 191 408
18 3 191 409
18 3 191 410
18 3 191 411
18 3 191 412
18 3 191 413
18 3 191 414
18 3 191 415
18 3 191 416
18 3 192 417
18 3 192 418
18 3 192 419
18 3 193 420
18 3 193 421
18 3 193 422
18 3 194 423
18 3 194 424
18 3 195 425
18 3 195 426
18 3 196 427
18 3 196 428
18 3 197 429
18 3 197 430
18 3 198 431
18 3 199 432
18 3 200 433
18 3 200 434
18 3 201 435
18 3 202 436
18 3 203 437
18 3 204 437
18 3 205 438
18 3 206 439
18 3 207 440
18 3 208 440
18 3 209 441
18 3 210 441
18 3 211 442
18 3 212 442
18 3 213 443
18 3 214 443
18 3 215 444
18 3 216 444
18 3 217 444
18 3 218 444
18 3 219 445
18 3 220 445
18 3 221 445
18 3 222 445
18 3 223 445
18 3 224 446
18 3 225 446
18 3 226 446
18 3 227 446
18 3 228 445
18 3 229 445
18 3 230 445
18 3 231 445
18 3 232 445
18 3 233 445
18 3 234 445
18 3 235 445
18 3 236 444
18 3 237 444
18 3 238 443
18 3 239 442
18 3 240 441
18 3 241 440
18 3 242 440
18 3 243 440
18 3 244 439
18 3 245 439
18 3 246 438
18 3 247 437
18 3 248 436
18 3 249 436
18 3 250 436
18 3 251 436
18 3 252 436
18 3 253 436
18 3 254 436
18 3 255 436
18 3 256 436
18 3 257 436
18 3 258 436
18 3 259 435
18 3 260 435
18 3 261 434
18 3 262 433
18 3 262 432
18 3 262 431
18 3 262 430
18 3 262 429
18 3 262 428
18 3 263 427
18 3 264 427
18 3 265 427
18 3 266 427
18 3 267 427
18 3 268 427
18 3 269 427
18 3 270 427
18 3 271 427
18 3 272 427
18 3 273 426
18 3 274 425
18 3 275 424
18 3 276 424
18 3 277 423
18 3 278 422
18 3 279 422
18 3 280 421
18 3 281 420
18 3 282 420
18 3 283 419
18 3 284 418
18 3 285 418
18 3 286 417
18 3 287 416
18 3 288 416
18 3 289 415
18 3 290 414
18 3 291 414
18 3 291 413
18 3 291 412
18 3 291 411
18 3 291 410
18 3 291 409
18 3 291 408
18 3 291 407
18 3 292 406
18 3 293 405
18 3 294 404
18 3 295 404
18 3 296 404
18 3 297 404
18 3 298 404
18 3 299 404
18 3 300 404
18 3 301 404
18 3 302 405
18 3 303 405
18 3 303 404
18 3 303 403
18 3 303 402
18 3 303 401
18 3 303 400
18 3 303 399
18 3 304 398
18 3 305 397
18 3 305 396
18 3 305 395
18 3 306 394
18 3 306 393
18 3 306 392
18 3 307 391
18 3 307 390
18 3 307 389
18 3 308 388
18 3 308 387
18 3 308 386
18 3 308 385
18 3 309 384
18 3 309 383
18 3 309 382
18 3 309 381
18 3 309 380
18 3 309 379
18 3 309 378
18 3 309 377
18 3 309 376
18 3 309 375
18 3 309 374
18 3 309 373
18 3 308 372
18 3 308 371
18 3 308 370
18 3 308 369
18 3 308 368
18 3 307 367
18 3 307 366
18 3 307 365
18 3 306 364
18 3 306 363
18 3 306 362
18 3 306 361
18 3 305 360
18 3 305 359
18 3 305 358
18 3 304 357
18 3 304 356
18 3 303 355
18 3 303 354
18 3 303 353
18 3 302 352
18 3 302 351
18 3 301 350
18 3 301 349
18 3 300 348
18 3 300 347
18 3 299 346
18 3 299 345
18 3 298 344
18 3 297 343
18 3 297 342
18 3 296 341
18 3 295 340
18 3 295 339
18 3 294 338
18 3 293 337
18 3 293 336
18 3 292 335
18 3 291 334
18 3 290 333
18 3 289 332
18 3 289 331
18 3 288 331
18 3 287 330
18 3 286 329
18 3 285 328
18 3 284 327
18 3 283 326
18 3 282 326
18 3 281 325
18 3 280 324
18 3 279 324
18 3 278 323
18 3 277 322
18 3 276 322
18 3 275 321
18 3 274 321
18 3 273 321
18 3 272 320
18 3 271 320