15 1 204 48
15 1 203 49
15 1 202 49
15 1 201 49
15 1 200 49
15 1 199 49
15 1 198 49
15 1 197 49
15 1 196 49
15 1 195 50
15 1 194 50
15 1 193 50
15 1 192 50
15 1 191 51
15 1 190 51
15 1 189 51
15 1 188 52
15 1 187 52
15 1 186 53
15 1 185 53
15 1 184 54
15 1 183 54
15 1 182 55
15 1 181 55
15 1 180 56
15 1 179 57
15 1 178 58
15 1 177 58
15 1 176 59
15 1 175 60
15 1 174 61
15 1 173 62
15 1 173 63
15 1 172 64
15 1 171 65
15 1 171 66
15 1 170 67
15 1 170 68
15 1 169 69
15 1 169 70
15 1 168 71
15 1 168 72
15 1 168 73
15 1 167 74
15 1 167 75
15 1 167 76
15 1 167 77
15 1 167 78
15 1 167 79
15 1 167 80
15 1 167 81
15 1 167 82
15 1 168 83
15 1 168 84
15 1 168 85
15 1 169 86
15 1 169 87
15 1 170 88
15 1 170 89
15 1 170 90
15 1 171 91
15 1 171 92
15 1 172 93
15 1 173 94
15 1 173 95
15 1 174 96
15 1 174 97
15 1 175 98
15 1 175 99
15 1 176 100
15 1 177 101
15 1 177 102
15 1 178 103
15 1 179 104
15 1 180 105
15 1 181 106
15 1 182 107
15 1 183 108
15 1 184 109
15 1 185 110
15 1 185 111
15 1 186 111
15 1 187 112
15 1 188 113
15 1 189 114
15 1 190 115
15 1 191 116
15 1 192 117
15 1 193 118
15 1 194 119
15 1 195 120
15 1 196 121
15 1 197 121
15 1 198 122
15 1 199 123
15 1 200 124
15 1 201 124
15 1 202 125
15 1 203 125
15 1 204 126
15 1 205 126
15 1 206 127
15 1 207 127
15 1 208 127
15 1 209 128
15 1 210 128
15 1 211 128
15 1 212 128
15 1 213 128
15 1 214 128
15 1 215 128
15 1 216 128
15 1 217 128
15 1 218 128
15 1 219 128
15 1 220 128
15 1 221 128
15 1 222 129
15 1 223 129
15 1 224 128
15 1 225 127
15 1 226 127
15 1 227 126
15 1 228 126
15 1 229 126
15 1 230 126
15 1 231 126
15 1 232 126
15 1 233 126
15 1 234 126
15 1 235 126
15 1 236 126
15 1 237 126
15 1 238 127
15 1 239 127
15 1 240 127
15 1 241 127
15 1 242 127
15 1 243 127
15 1 244 127
15 1 245 127
15 1 246 127
15 1 247 126
15 1 248 126
15 1 249 125
15 1 250 125
15 1 251 125
15 1 252 125
15 1 253 125
15 1 254 125
15 1 255 125
15 1 256 125
15 1 257 125
15 1 258 125
15 1 259 125
15 1 260 126
15 1 261 126
15 1 262 127
15 1 263 128
15 1 264 128
15 1 265 128
15 1 266 129
15 1 267 129
15 1 268 130
15 1 269 130
15 1 270 130
15 1 271 130
15 1 272 130
15 1 273 130
15 1 274 131
15 1 275 131
15 1 276 131
15 1 277 131
15 1 278 131
15 1 279 131
15 1 280 131
15 1 281 132
15 1 282 132
15 1 283 132
15 1 284 132
15 1 285 132
15 1 286 133
15 1 287 133
15 1 288 133
15 1 289 133
15 1 290 132
15 1 291 132
15 1 292 131
15 1 293 131
15 1 294 131
15 1 295 130
15 1 296 129
15 1 297 129
15 1 298 128
15 1 299 128
15 1 299 127
15 1 300 126
15 1 301 125
15 1 301 124
15 1 302 123
15 1 302 122
15 1 302 121
15 1 301 120
15 1 301 119
15 1 301 118
15 1 301 117
15 1 301 116
15 1 301 115
15 1 301 114
15 1 301 113
15 1 302 112
15 1 301 111
15 1 301 110
15 1 301 109
15 1 301 108
15 1 301 107
15 1 301 106
15 1 300 105
15 1 300 104
15 1 300 103
15 1 299 102
15 1 299 101
15 1 298 100
15 1 298 99
15 1 297 98
15 1 297 97
15 1 296 96
15 1 295 96
15 1 294 95
15 1 293 94
15 1 293 93
15 1 292 93
15 1 291 92
15 1 290 91
15 1 289 90
15 1 289 89
15 1 288 88
15 1 288 87
15 1 287 86
15 1 287 85
15 1 287 84
15 1 287 83
15 1 287 82
15 1 286 82
15 1 285 81
15 1 284 81
15 1 283 80
15 1 282 79
15 1 281 79
15 1 280 78
15 1 279 77
15 1 278 77
15 1 277 76
15 1 276 76
15 1 275 75
15 1 274 74
15 1 273 74
15 1 272 73
15 1 271 72
15 1 270 72
15 1 269 71
15 1 268 71
15 1 267 70
15 1 266 69
15 1 265 69
15 1 264 68
15 1 263 68
15 1 262 67
15 1 261 67
15 1 260 66
15 1 259 65
15 1 258 65
15 1 257 65
15 1 256 65
15 1 255 65
15 1 254 65
15 1 253 65
15 1 252 65
15 1 251 65
15 1 250 65
15 1 249 65
15 1 248 64
15 1 247 63
15 1 246 62
15 1 246 61
15 1 245 61
15 1 244 60
15 1 243 59
15 1 242 59
15 1 241 58
15 1 240 58
15 1 239 57
15 1 238 57
15 1 237 57
15 1 236 57
15 1 235 56
15 1 234 55
15 1 233 54
15 1 232 53
15 1 231 52
15 1 230 52
15 1 229 51
15 1 228 51
15 1 227 50
15 1 226 50
15 1 225 49
15 1 224 49
15 1 223 49
15 1 222 48
15 1 221 48
15 1 220 48
15 1 219 48
15 1 218 48
15 1 217 48
15 1 216 48
15 1 215 48
15 1 214 48
15 1 213 48
15 1 212 48
15 1 211 48
15 1 210 48
15 1 209 48
15 1 208 48
15 1 207 48
15 1 206 48
15 1 205 48
15 1 204 48
15 2 230 187
15 2 229 188
15 2 228 188
15 2 227 188
15 2 226 188
15 2 225 188
15 2 224 189
15 2 223 189
15 2 222 190
15 2 221 190
15 2 220 191
15 2 219 191
15 2 218 192
15 2 217 193
15 2 216 193
15 2 215 194
15 2 214 194
15 2 213 194
15 2 212 195
15 2 211 195
15 2 210 196
15 2 209 196
15 2 208 197
15 2 207 197
15 2 206 197
15 2 205 198
15 2 204 198
15 2 203 198
15 2 202 199
15 2 201 199
15 2 200 200
15 2 199 201
15 2 198 202
15 2 197 203
15 2 197 204
15 2 196 205
15 2 196 206
15 2 195 207
15 2 195 208
15 2 195 209
15 2 194 210
15 2 193 211
15 2 192 212
15 2 191 212
15 2 190 213
15 2 189 214
15 2 188 215
15 2 187 216
15 2 186 217
15 2 185 217
15 2 184 218
15 2 183 218
15 2 182 219
15 2 181 220
15 2 180 221
15 2 179 222
15 2 178 223
15 2 177 224
15 2 176 225
15 2 175 226
15 2 174 227
15 2 174 228
15 2 173 229
15 2 173 230
15 2 172 231
15 2 172 232
15 2 172 233
15 2 171 234
15 2 171 235
15 2 171 236
15 2 171 237
15 2 172 238
15 2 172 239
15 2 173 240
15 2 173 241
15 2 174 242
15 2 174 243
15 2 175 244
15 2 176 245
15 2 177 246
15 2 178 247
15 2 179 248
15 2 179 249
15 2 180 250
15 2 180 251
15 2 181 252
15 2 182 253
15 2 183 254
15 2 183 255
15 2 184 256
15 2 185 257
15 2 186 258
15 2 186 259
15 2 187 260
15 2 188 261
15 2 189 262
15 2 190 263
15 2 191 264
15 2 191 265
15 2 192 266
15 2 193 267
15 2 194 268
15 2 195 269
15 2 196 270
15 2 197 271
15 2 198 272
15 2 199 272
15 2 200 273
15 2 201 274
15 2 202 274
15 2 203 275
15 2 204 276
15 2 205 276
15 2 206 277
15 2 207 278
15 2 208 278
15 2 209 279
15 2 210 279
15 2 211 280
15 2 212 280
15 2 213 281
15 2 214 281
15 2 215 282
15 2 216 282
15 2 217 282
15 2 218 283
15 2 219 282
15 2 219 281
15 2 220 280
15 2 221 279
15 2 222 279
15 2 223 279
15 2 224 279
15 2 225 279
15 2 226 279
15 2 227 279
15 2 228 279
15 2 229 279
15 2 230 280
15 2 231 279
15 2 232 279
15 2 233 279
15 2 234 279
15 2 235 279
15 2 236 279
15 2 237 279
15 2 238 279
15 2 239 280
15 2 240 281
15 2 241 282
15 2 242 282
15 2 243 283
15 2 244 284
15 2 245 285
15 2 246 286
15 2 247 286
15 2 248 286
15 2 249 287
15 2 250 287
15 2 251 288
15 2 251 289
15 2 252 290
15 2 253 290
15 2 254 291
15 2 255 291
15 2 256 292
15 2 257 292
15 2 258 293
15 2 259 293
15 2 260 293
15 2 261 294
15 2 262 294
15 2 263 294
15 2 264 295
15 2 265 295
15 2 266 295
15 2 267 295
15 2 268 296
15 2 269 296
15 2 270 296
15 2 271 296
15 2 272 296
15 2 273 296
15 2 274 296
15 2 275 297
15 2 276 297
15 2 277 297
15 2 278 297
15 2 279 297
15 2 280 297
15 2 281 298
15 2 282 298
15 2 283 298
15 2 284 299
15 2 285 299
15 2 286 299
15 2 287 299
15 2 288 299
15 2 289 299
15 2 290 299
15 2 291 299
15 2 292 299
15 2 293 300
15 2 294 300
15 2 295 301
15 2 296 301
15 2 297 300
15 2 298 300
15 2 298 299
15 2 299 298
15 2 300 298
15 2 301 298
15 2 302 298
15 2 303 298
15 2 304 298
15 2 305 298
15 2 306 298
15 2 307 298
15 2 308 299
15 2 308 300
15 2 309 301
15 2 309 300
15 2 308 299
15 2 308 298
15 2 308 297
15 2 308 296
15 2 308 295
15 2 308 294
15 2 308 293
15 2 308 292
15 2 308 291
15 2 308 290
15 2 309 289
15 2 310 288
15 2 311 288
15 2 312 287
15 2 312 286
15 2 312 285
15 2 313 284
15 2 314 283
15 2 315 282
15 2 316 281
15 2 316 280
15 2 317 279
15 2 318 278
15 2 319 277
15 2 319 276
15 2 320 275
15 2 321 274
15 2 321 273
15 2 322 272
15 2 322 271
15 2 323 270
15 2 323 269
15 2 324 268
15 2 324 267
15 2 325 266
15 2 325 265
15 2 325 264
15 2 325 263
15 2 325 262
15 2 326 261
15 2 326 260
15 2 327 259
15 2 327 258
15 2 327 257
15 2 327 256
15 2 327 255
15 2 327 254
15 2 327 253
15 2 327 252
15 2 328 251
15 2 328 250
15 2 328 249
15 2 328 248
15 2 327 247
15 2 327 246
15 2 327 245
15 2 326 245
15 2 325 244
15 2 325 243
15 2 325 242
15 2 325 241
15 2 325 240
15 2 324 239
15 2 324 238
15 2 324 237
15 2 324 236
15 2 324 235
15 2 323 234
15 2 323 233
15 2 322 232
15 2 322 231
15 2 322 230
15 2 321 229
15 2 321 228
15 2 321 227
15 2 320 226
15 2 320 225
15 2 319 224
15 2 319 223
15 2 319 222
15 2 318 221
15 2 318 220
15 2 317 219
15 2 317 218
15 2 317 217
15 2 316 216
15 2 316 215
15 2 315 214
15 2 315 213
15 2 314 212
15 2 314 211
15 2 314 210
15 2 313 209
15 2 313 208
15 2 312 207
15 2 312 206
15 2 311 205
15 2 311 204
15 2 310 203
15 2 310 202
15 2 309 201
15 2 308 200
15 2 307 199
15 2 307 198
15 2 306 197
15 2 305 196
15 2 304 195
15 2 303 195
15 2 302 194
15 2 301 193
15 2 301 192
15 2 300 192
15 2 299 192
15 2 298 192
15 2 297 192
15 2 296 192
15 2 295 193
15 2 294 194
15 2 293 194
15 2 292 194
15 2 291 194
15 2 290 194
15 2 289 194
15 2 288 194
15 2 287 194
15 2 286 194
15 2 285 193
15 2 284 192
15 2 283 191
15 2 282 191
15 2 281 191
15 2 280 191
15 2 279 191
15 2 278 191
15 2 277 191
15 2 276 191
15 2 275 190
15 2 274 189
15 2 273 189
15 2 272 189
15 2 271 189
15 2 270 188
15 2 269 188
15 2 268 188
15 2 267 188
15 2 266 188
15 2 265 188
15 2 264 188
15 2 263 188
15 2 262 188
15 2 261 188
15 2 260 189
15 2 259 189
15 2 258 189
15 2 257 189
15 2 256 189
15 2 255 190
15 2 254 191
15 2 253 192
15 2 252 193
15 2 252 194
15 2 251 195
15 2 250 195
15 2 249 195
15 2 248 195
15 2 247 195
15 2 246 195
15 2 245 195
15 2 244 195
15 2 243 195
15 2 242 194
15 2 242 193
15 2 242 192
15 2 241 192
15 2 240 192
15 2 239 192
15 2 238 192
15 2 237 192
15 2 236 192
15 2 235 191
15 2 234 190
15 2 233 189
15 2 232 188
15 2 231 188
15 2 230 187
15 3 269 332
15 3 268 333
15 3 267 334
15 3 266 335
15 3 265 336
15 3 264 336
15 3 263 336
15 3 262 337
15 3 261 337
15 3 261 338
15 3 260 339
15 3 259 340
15 3 258 341
15 3 257 341
15 3 256 341
15 3 255 342
15 3 254 342
15 3 253 342
15 3 252 343
15 3 251 344
15 3 250 344
15 3 249 345
15 3 248 345
15 3 247 346
15 3 246 347
15 3 245 347
15 3 244 348
15 3 243 349
15 3 242 349
15 3 241 350
15 3 240 350
15 3 239 351
15 3 238 352
15 3 237 353
15 3 237 354
15 3 237 355
15 3 237 356
15 3 236 357
15 3 235 358
15 3 234 358
15 3 233 359
15 3 232 359
15 3 231 359
15 3 230 359
15 3 229 359
15 3 228 359
15 3 227 359
15 3 226 359
15 3 225 359
15 3 224 359
15 3 223 360
15 3 222 360
15 3 221 360
15 3 220 360
15 3 219 360
15 3 218 360
15 3 217 360
15 3 216 360
15 3 215 360
15 3 214 360
15 3 213 359
15 3 212 359
15 3 211 358
15 3 210 358
15 3 209 358
15 3 208 358
15 3 207 358
15 3 206 358
15 3 205 358
15 3 204 359
15 3 203 359
15 3 202 360
15 3 201 361
15 3 200 362
15 3 199 363
15 3 198 364
15 3 197 365
15 3 196 365
15 3 195 366
15 3 194 367
15 3 194 368
15 3 193 369
15 3 192 370
15 3 192 371
15 3 191 372
15 3 191 373
15 3 191 374
15 3 190 375
15 3 190 376
15 3 190 377
15 3 189 378
15 3 189 379
15 3 189 380
15 3 189 381
15 3 188 382
15 3 188 383
15 3 188 384
15 3 188 385
15 3 187 386
15 3 187 387
15 3 187 388
15 3 187 389
15 3 187 390
15 3 186 391
15 3 186 392
15 3 186 393
15 3 185 394
15 3 185 395
15 3 185 396
15 3 185 397
15 3 184 398
15 3 184 399
15 3 184 400
15 3 183 401
15 3 183 402
15 3 182 403
15 3 182 404
15 3 182 405
15 3 182 406
15 3 182 407
15 3 182 408
15 3 182 409
15 3 182 410
15 3 182 411
15 3 183 412
15 3 183 413
15 3 183 414
15 3 183 415
15 3 184 416
15 3 184 417
15 3 184 418
15 3 185 419
15 3 186 420
15 3 186 421
15 3 187 422
15 3 187 423
15 3 188 424
15 3 188 425
15 3 189 426
15 3 190 427
15 3 190 428
15 3 191 429
15 3 192 430
15 3 193 431
15 3 194 432
15 3 195 433
15 3 196 434
15 3 197 435
15 3 198 436
15 3 199 436
15 3 200 437
15 3 201 438
15 3 202 438
15 3 203 439
15 3 204 440
15 3 205 440
15 3 206 440
15 3 207 441
15 3 208 441
15 3 209 442
15 3 210 442
15 3 211 442
15 3 212 443
15 3 213 443
15 3 214 443
15 3 215 443
15 3 216 443
15 3 217 443
15 3 218 443
15 3 219 443
15 3 220 443
15 3 221 442
15 3 222 442
15 3 223 442
15 3 224 442
15 3 225 441
15 3 226 441
15 3 227 441
15 3 228 441
15 3 229 441
15 3 230 441
15 3 231 441
15 3 232 441
15 3 233 441
15 3 234 441
15 3 235 441
15 3 236 441
15 3 237 441
15 3 238 441
15 3 238 440
15 3 238 439
15 3 238 438
15 3 238 437
15 3 238 436
15 3 239 435
15 3 240 435
15 3 241 435
15 3 242 435
15 3 243 435
15 3 243 434
15 3 243 433
15 3 244 432
15 3 244 431
15 3 245 430
15 3 246 430
15 3 247 429
15 3 248 429
15 3 249 429
15 3 250 429
15 3 251 429
15 3 252 429
15 3 253 429
15 3 254 429
15 3 255 429
15 3 256 430
15 3 257 429
15 3 258 429
15 3 259 428
15 3 260 427
15 3 261 427
15 3 262 427
15 3 263 426
15 3 263 425
15 3 263 424
15 3 263 423
15 3 263 422
15 3 263 421
15 3 264 420
15 3 265 419
15 3 266 419
15 3 267 419
15 3 268 419
15 3 269 419
15 3 270 419
15 3 271 419
15 3 272 419
15 3 273 419
15 3 274 418
15 3 275 417
15 3 276 416
15 3 277 416
15 3 278 415
15 3 279 414
15 3 280 414
15 3 281 413
15 3 281 412
15 3 281 411
15 3 281 410
15 3 281 409
15 3 281 408
15 3 282 407
15 3 282 406
15 3 283 405
15 3 284 404
15 3 285 403
15 3 286 402
15 3 287 402
15 3 288 402
15 3 289 402
15 3 290 402
15 3 291 402
15 3 292 402
15 3 293 402
15 3 294 402
15 3 295 403
15 3 295 402
15 3 295 401
15 3 295 400
15 3 295 399
15 3 295 398
15 3 295 397
15 3 295 396
15 3 296 395
15 3 296 394
15 3 297 393
15 3 297 392
15 3 298 391
15 3 298 390
15 3 299 389
15 3 299 388
15 3 299 387
15 3 300 386
15 3 300 385
15 3 300 384
15 3 301 383
15 3 301 382
15 3 301 381
15 3 301 380
15 3 301 379
15 3 301 378
15 3 302 377
15 3 302 376
15 3 302 375
15 3 302 374
15 3 302 373
15 3 302 372
15 3 301 371
15 3 301 370
15 3 301 369
15 3 301 368
15 3 301 367
15 3 301 366
15 3 300 365
15 3 300 364
15 3 300 363
15 3 300 362
15 3 299 361
15 3 299 360
15 3 299 359
15 3 298 358
15 3 298 357
15 3 297 356
15 3 297 355
15 3 296 354
15 3 296 353
15 3 295 352
15 3 295 351
15 3 294 350
15 3 293 349
15 3 293 348
15 3 292 347
15 3 292 346
15 3 291 345
15 3 290 344
15 3 289 343
15 3 289 342
15 3 288 341
15 3 287 340
15 3 286 339
15 3 285 338
15 3 284 337
15 3 283 336
15 3 282 335
15 3 281 335
15 3 280 334
15 3 279 334
15 3 278 333
15 3 277 333
15 3 276 332
15 3 275 332
15 3 274 332
15 3 273 332
15 3 272 332
15 3 271 332
15 3 270 332
15 3 269 332
16 1 216 47
16 1 215 48
16 1 214 48
16 1 213 48
16 1 212 48
16 1 211 48
16 1 210 48
16 1 209 48
16 1 208 48
16 1 207 48
16 1 206 49
16 1 205 49
16 1 204 49
16 1 203 49
16 1 202 49
16 1 201 49
16 1 200 50
16 1 199 50
16 1 198 50
16 1 197 50
16 1 196 51
16 1 195 51
16 1 194 51
16 1 193 52
16 1 192 52
16 1 191 53
16 1 190 53
16 1 189 54
16 1 188 54
16 1 187 55
16 1 186 55
16 1 185 56
16 1 184 57
16 1 183 58
16 1 182 58
16 1 181 59
16 1 180 60
16 1 179 61
16 1 179 62
16 1 178 63
16 1 177 64
16 1 176 65
16 1 176 66
16 1 175 67
16 1 175 68
16 1 174 69
16 1 174 70
16 1 174 71
16 1 173 72
16 1 173 73
16 1 173 74
16 1 173 75
16 1 173 76
16 1 172 77
16 1 172 78
16 1 172 79
16 1 173 80
16 1 173 81
16 1 173 82
16 1 173 83
16 1 173 84
16 1 173 85
16 1 174 86
16 1 174 87
16 1 175 88
16 1 175 89
16 1 175 90
16 1 176 91
16 1 176 92
16 1 177 93
16 1 177 94
16 1 178 95
16 1 178 96
16 1 179 97
16 1 179 98
16 1 180 99
16 1 181 100
16 1 181 101
16 1 182 102
16 1 183 103
16 1 184 104
16 1 184 105
16 1 185 106
16 1 186 107
16 1 187 108
16 1 188 109
16 1 189 110
16 1 189 111
16 1 190 112
16 1 191 113
16 1 192 114
16 1 193 115
16 1 194 116
16 1 195 117
16 1 196 118
16 1 197 119
16 1 198 120
16 1 199 121
16 1 200 122
16 1 201 122
16 1 202 123
16 1 203 124
16 1 204 124
16 1 205 125
16 1 206 125
16 1 207 126
16 1 208 126
16 1 209 126
16 1 210 127
16 1 211 127
16 1 212 127
16 1 213 127
16 1 214 127
16 1 215 127
16 1 216 127
16 1 217 127
16 1 218 127
16 1 219 128
16 1 220 128
16 1 221 128
16 1 222 129
16 1 223 128
16 1 224 127
16 1 225 127
16 1 226 127
16 1 227 126
16 1 228 126
16 1 229 126
16 1 230 126
16 1 231 126
16 1 232 126
16 1 233 126
16 1 234 126
16 1 235 126
16 1 236 127
16 1 237 127
16 1 238 128
16 1 239 129
16 1 240 129
16 1 241 129
16 1 242 129
16 1 243 129
16 1 244 128
16 1 245 127
16 1 246 127
16 1 247 127
16 1 248 127
16 1 249 127
16 1 250 127
16 1 251 127
16 1 252 127
16 1 253 127
16 1 254 127
16 1 255 127
16 1 256 127
16 1 257 127
16 1 258 127
16 1 259 128
16 1 260 129
16 1 261 129
16 1 262 129
16 1 263 130
16 1 264 131
16 1 265 131
16 1 266 132
16 1 267 132
16 1 268 132
16 1 269 132
16 1 270 133
16 1 271 133
16 1 272 133
16 1 273 133
16 1 274 133
16 1 275 133
16 1 276 134
16 1 277 134
16 1 278 135
16 1 279 135
16 1 280 136
16 1 281 137
16 1 282 137
16 1 283 138
16 1 284 138
16 1 285 138
16 1 286 138
16 1 287 138
16 1 288 138
16 1 289 138
16 1 290 138
16 1 291 137
16 1 292 137
16 1 293 136
16 1 294 136
16 1 295 135
16 1 296 135
16 1 297 135
16 1 298 134
16 1 299 133
16 1 300 132
16 1 301 132
16 1 302 131
16 1 303 130
16 1 304 129
16 1 305 128
16 1 306 127
16 1 306 126
16 1 307 125
16 1 307 124
16 1 308 123
16 1 308 122
16 1 308 121
16 1 309 120
16 1 309 119
16 1 309 118
16 1 309 117
16 1 309 116
16 1 309 115
16 1 309 114
16 1 309 113
16 1 308 112
16 1 308 111
16 1 307 110
16 1 307 109
16 1 307 108
16 1 307 107
16 1 306 106
16 1 306 105
16 1 306 104
16 1 305 103
16 1 305 102
16 1 304 101
16 1 304 100
16 1 303 99
16 1 303 98
16 1 302 97
16 1 301 96
16 1 300 95
16 1 300 94
16 1 299 93
16 1 298 92
16 1 297 91
16 1 296 90
16 1 296 89
16 1 295 89
16 1 294 88
16 1 293 88
16 1 292 88
16 1 291 88
16 1 290 87
16 1 289 86
16 1 289 85
16 1 289 84
16 1 288 83
16 1 288 82
16 1 288 81
16 1 288 80
16 1 287 79
16 1 286 79
16 1 285 78
16 1 284 77
16 1 283 77
16 1 282 76
16 1 281 76
16 1 280 75
16 1 279 74
16 1 278 74
16 1 277 73
16 1 276 72
16 1 275 72
16 1 274 71
16 1 273 71
16 1 272 70
16 1 271 69
16 1 270 69
16 1 269 68
16 1 268 68
16 1 267 67
16 1 266 66
16 1 265 66
16 1 264 65
16 1 263 65
16 1 262 64
16 1 261 63
16 1 260 63
16 1 259 63
16 1 258 63
16 1 257 63
16 1 256 63
16 1 255 63
16 1 254 63
16 1 253 63
16 1 252 63
16 1 251 63
16 1 250 63
16 1 249 62
16 1 248 61
16 1 247 60
16 1 247 59
16 1 246 58
16 1 245 57
16 1 244 57
16 1 243 56
16 1 242 56
16 1 241 55
16 1 240 55
16 1 239 55
16 1 238 55
16 1 237 55
16 1 236 54
16 1 235 53
16 1 234 52
16 1 233 51
16 1 232 50
16 1 231 50
16 1 230 49
16 1 229 49
16 1 228 48
16 1 227 48
16 1 226 48
16 1 225 47
16 1 224 47
16 1 223 47
16 1 222 47
16 1 221 47
16 1 220 47
16 1 219 47
16 1 218 47
16 1 217 47
16 1 216 47
16 2 265 189
16 2 264 190
16 2 263 190
16 2 262 190
16 2 261 191
16 2 260 191
16 2 259 192
16 2 258 193
16 2 257 194
16 2 256 195
16 2 255 195
16 2 254 195
16 2 253 195
16 2 252 195
16 2 251 195
16 2 250 196
16 2 250 197
16 2 249 198
16 2 248 199
16 2 247 199
16 2 246 199
16 2 245 199
16 2 244 199
16 2 243 199
16 2 242 199
16 2 241 199
16 2 240 198
16 2 239 198
16 2 238 198
16 2 237 198
16 2 236 198
16 2 235 198
16 2 234 198
16 2 233 198
16 2 232 197
16 2 231 196
16 2 231 195
16 2 230 194
16 2 230 193
16 2 229 192
16 2 228 192
16 2 227 193
16 2 226 193
16 2 225 193
16 2 224 194
16 2 223 194
16 2 222 195
16 2 221 196
16 2 220 196
16 2 219 197
16 2 218 197
16 2 217 197
16 2 216 198
16 2 215 198
16 2 214 198
16 2 213 199
16 2 212 199
16 2 211 200
16 2 210 200
16 2 209 200
16 2 208 201
16 2 207 201
16 2 206 201
16 2 205 202
16 2 204 202
16 2 203 203
16 2 202 204
16 2 201 205
16 2 200 206
16 2 199 207
16 2 198 208
16 2 197 209
16 2 196 210
16 2 195 211
16 2 194 212
16 2 193 212
16 2 192 213
16 2 191 214
16 2 190 215
16 2 189 216
16 2 188 217
16 2 187 218
16 2 186 219
16 2 185 220
16 2 184 221
16 2 183 222
16 2 182 223
16 2 181 224
16 2 180 225
16 2 180 226
16 2 179 227
16 2 179 228
16 2 178 229
16 2 178 230
16 2 178 231
16 2 178 232
16 2 178 233
16 2 178 234
16 2 177 235
16 2 177 236
16 2 177 237
16 2 177 238
16 2 177 239
16 2 177 240
16 2 178 241
16 2 178 242
16 2 178 243
16 2 179 244
16 2 179 245
16 2 179 246
16 2 180 247
16 2 180 248
16 2 181 249
16 2 181 250
16 2 182 251
16 2 182 252
16 2 183 253
16 2 184 254
16 2 185 255
16 2 185 256
16 2 186 257
16 2 187 258
16 2 188 259
16 2 189 260
16 2 190 261
16 2 191 262
16 2 192 263
16 2 193 264
16 2 194 265
16 2 195 266
16 2 196 267
16 2 197 268
16 2 198 269
16 2 199 270
16 2 200 270
16 2 201 271
16 2 202 272
16 2 203 272
16 2 204 273
16 2 205 274
16 2 206 274
16 2 207 275
16 2 208 275
16 2 209 275
16 2 210 276
16 2 211 276
16 2 212 276
16 2 213 277
16 2 214 277
16 2 215 278
16 2 216 278
16 2 216 277
16 2 216 276
16 2 216 275
16 2 217 274
16 2 218 274
16 2 219 274
16 2 220 274
16 2 221 274
16 2 222 274
16 2 223 274
16 2 224 274
16 2 225 274
16 2 226 274
16 2 227 275
16 2 228 275
16 2 229 276
16 2 230 276
16 2 231 276
16 2 232 276
16 2 233 276
16 2 234 276
16 2 235 276
16 2 236 276
16 2 237 276
16 2 238 277
16 2 239 278
16 2 240 279
16 2 241 280
16 2 242 281
16 2 243 282
16 2 244 283
16 2 245 283
16 2 246 283
16 2 247 283
16 2 248 284
16 2 249 285
16 2 249 286
16 2 250 287
16 2 251 288
16 2 252 289
16 2 253 289
16 2 254 290
16 2 255 291
16 2 256 291
16 2 257 292
16 2 258 292
16 2 259 293
16 2 260 293
16 2 261 293
16 2 262 294
16 2 263 294
16 2 264 294
16 2 265 294
16 2 266 295
16 2 267 295
16 2 268 295
16 2 269 295
16 2 270 296
16 2 271 296
16 2 272 296
16 2 273 296
16 2 274 297
16 2 275 297
16 2 276 297
16 2 277 297
16 2 278 298
16 2 279 298
16 2 280 298
16 2 281 299
16 2 282 299
16 2 283 299
16 2 284 299
16 2 285 300
16 2 286 300
16 2 287 300
16 2 288 300
16 2 289 301
16 2 290 301
16 2 291 301
16 2 292 301
16 2 293 302
16 2 294 302
16 2 295 302
16 2 296 302
16 2 297 302
16 2 298 302
16 2 299 302
16 2 300 302
16 2 301 302
16 2 302 302
16 2 303 302
16 2 304 302
16 2 305 303
16 2 306 304
16 2 306 305
16 2 306 306
16 2 307 307
16 2 307 308
16 2 308 309
16 2 308 310
16 2 309 311
16 2 309 310
16 2 309 309
16 2 309 308
16 2 309 307
16 2 309 306
16 2 309 305
16 2 309 304
16 2 309 303
16 2 309 302
16 2 310 301
16 2 310 300
16 2 311 299
16 2 311 298
16 2 312 297
16 2 312 296
16 2 312 295
16 2 313 294
16 2 313 293
16 2 314 292
16 2 314 291
16 2 314 290
16 2 315 289
16 2 316 288
16 2 316 287
16 2 317 286
16 2 317 285
16 2 318 284
16 2 318 283
16 2 319 282
16 2 319 281
16 2 320 280
16 2 320 279
16 2 321 278
16 2 322 277
16 2 322 276
16 2 322 275
16 2 323 274
16 2 324 273
16 2 324 272
16 2 325 271
16 2 325 270
16 2 325 269
16 2 326 268
16 2 326 267
16 2 326 266
16 2 327 265
16 2 327 264
16 2 327 263
16 2 328 262
16 2 328 261
16 2 328 260
16 2 328 259
16 2 329 258
16 2 329 257
16 2 329 256
16 2 329 255
16 2 330 254
16 2 330 253
16 2 330 252
16 2 330 251
16 2 330 250
16 2 330 249
16 2 330 248
16 2 330 247
16 2 330 246
16 2 330 245
16 2 330 244
16 2 330 243
16 2 330 242
16 2 329 241
16 2 329 240
16 2 329 239
16 2 329 238
16 2 328 237
16 2 328 236
16 2 328 235
16 2 328 234
16 2 327 233
16 2 327 232
16 2 327 231
16 2 326 230
16 2 326 229
16 2 325 228
16 2 325 227
16 2 325 226
16 2 325 225
16 2 324 224
16 2 323 223
16 2 323 222
16 2 323 221
16 2 323 220
16 2 322 219
16 2 322 218
16 2 321 218
16 2 320 217
16 2 320 216
16 2 319 216
16 2 318 215
16 2 318 214
16 2 317 213
16 2 316 212
16 2 316 211
16 2 316 210
16 2 315 209
16 2 314 208
16 2 314 207
16 2 313 206
16 2 313 205
16 2 313 204
16 2 312 203
16 2 312 202
16 2 311 201
16 2 311 200
16 2 310 199
16 2 310 198
16 2 309 197
16 2 308 196
16 2 308 195
16 2 308 194
16 2 307 193
16 2 306 193
16 2 305 193
16 2 304 193
16 2 303 193
16 2 302 193
16 2 301 192
16 2 300 192
16 2 299 192
16 2 298 192
16 2 297 192
16 2 296 192
16 2 295 192
16 2 294 193
16 2 293 193
16 2 292 194
16 2 291 194
16 2 290 194
16 2 289 194
16 2 288 194
16 2 287 194
16 2 286 194
16 2 285 194
16 2 284 194
16 2 283 193
16 2 282 192
16 2 281 192
16 2 280 192
16 2 279 192
16 2 278 192
16 2 277 192
16 2 276 191
16 2 275 191
16 2 274 191
16 2 273 191
16 2 272 190
16 2 271 190
16 2 270 190
16 2 269 189
16 2 268 189
16 2 267 189
16 2 266 189
16 2 265 189
16 3 269 327
16 3 268 328
16 3 267 328
16 3 266 328
16 3 265 329
16 3 264 329
16 3 263 330
16 3 262 331
16 3 261 332
16 3 261 333
16 3 260 334
16 3 259 335
16 3 258 335
16 3 257 336
16 3 256 337
16 3 256 338
16 3 255 339
16 3 254 340
16 3 253 340
16 3 252 341
16 3 251 341
16 3 250 342
16 3 249 343
16 3 248 343
16 3 247 344
16 3 246 345
16 3 245 345
16 3 244 346
16 3 243 347
16 3 242 348
16 3 241 349
16 3 240 350
16 3 239 350
16 3 238 351
16 3 237 352
16 3 236 352
16 3 235 353
16 3 235 354
16 3 235 355
16 3 235 356
16 3 235 357
16 3 234 358
16 3 233 359
16 3 232 359
16 3 231 359
16 3 230 359
16 3 229 359
16 3 228 359
16 3 227 359
16 3 226 359
16 3 225 359
16 3 224 360
16 3 223 360
16 3 222 360
16 3 221 360
16 3 220 360
16 3 219 360
16 3 218 360
16 3 217 360
16 3 216 360
16 3 215 360
16 3 214 360
16 3 213 360
16 3 212 360
16 3 211 360
16 3 210 360
16 3 209 360
16 3 208 360
16 3 207 360
16 3 206 360
16 3 205 360
16 3 204 360
16 3 203 361
16 3 202 362
16 3 201 363
16 3 200 364
16 3 199 365
16 3 198 366
16 3 197 367
16 3 196 368
16 3 195 369
16 3 195 370
16 3 194 371
16 3 193 372
16 3 193 373
16 3 193 374
16 3 192 375
16 3 192 376
16 3 192 377
16 3 191 378
16 3 191 379
16 3 191 380
16 3 191 381
16 3 190 382
16 3 190 383
16 3 190 384
16 3 190 385
16 3 190 386
16 3 189 387
16 3 189 388
16 3 189 389
16 3 189 390
16 3 189 391
16 3 188 392
16 3 188 393
16 3 188 394
16 3 188 395
16 3 187 396
16 3 187 397
16 3 187 398
16 3 186 399
16 3 186 400
16 3 186 401
16 3 185 402
16 3 185 403
16 3 185 404
16 3 185 405
16 3 184 406
16 3 184 407
16 3 184 408
16 3 184 409
16 3 184 410
16 3 184 411
16 3 185 412
16 3 185 413
16 3 185 414
16 3 185 415
16 3 186 416
16 3 186 417
16 3 187 418
16 3 187 419
16 3 187 420
16 3 188 421
16 3 188 422
16 3 189 423
16 3 189 424
16 3 190 425
16 3 191 426
16 3 191 427
16 3 192 428
16 3 193 429
16 3 194 430
16 3 194 431
16 3 195 432
16 3 196 433
16 3 197 434
16 3 198 435
16 3 199 436
16 3 200 436
16 3 201 437
16 3 202 438
16 3 203 439
16 3 204 439
16 3 205 440
16 3 206 440
16 3 207 441
16 3 208 441
16 3 209 442
16 3 210 442
16 3 211 442
16 3 212 443
16 3 213 443
16 3 214 443
16 3 215 444
16 3 216 444
16 3 217 444
16 3 218 444
16 3 219 444
16 3 220 444
16 3 221 444
16 3 222 444
16 3 223 444
16 3 224 443
16 3 225 443
16 3 226 443
16 3 227 443
16 3 228 443
16 3 229 443
16 3 230 443
16 3 231 443
16 3 232 443
16 3 233 443
16 3 234 443
16 3 235 443
16 3 236 443
16 3 237 443
16 3 238 443
16 3 238 442
16 3 238 441
16 3 238 440
16 3 238 439
16 3 238 438
16 3 239 437
16 3 240 437
16 3 241 437
16 3 242 437
16 3 243 437
16 3 244 437
16 3 244 436
16 3 244 435
16 3 244 434
16 3 245 433
16 3 246 432
16 3 247 432
16 3 248 432
16 3 249 432
16 3 250 432
16 3 251 432
16 3 252 432
16 3 253 432
16 3 254 432
16 3 255 432
16 3 256 432
16 3 257 432
16 3 258 431
16 3 259 430
16 3 260 430
16 3 261 429
16 3 262 429
16 3 262 428
16 3 262 427
16 3 262 426
16 3 262 425
16 3 262 424
16 3 262 423
16 3 263 422
16 3 264 421
16 3 265 421
16 3 266 421
16 3 267 421
16 3 268 421
16 3 269 421
16 3 270 421
16 3 271 421
16 3 272 421
16 3 273 421
16 3 274 420
16 3 275 420
16 3 276 419
16 3 277 418
16 3 278 418
16 3 279 417
16 3 279 416
16 3 279 415
16 3 279 414
16 3 279 413
16 3 279 412
16 3 279 411
16 3 280 410
16 3 281 409
16 3 282 408
16 3 283 408
16 3 284 408
16 3 285 408
16 3 286 408
16 3 287 408
16 3 288 408
16 3 289 408
16 3 290 409
16 3 291 408
16 3 292 408
16 3 293 407
16 3 294 406
16 3 295 405
16 3 295 404
16 3 295 403
16 3 295 402
16 3 295 401
16 3 295 400
16 3 295 399
16 3 295 398
16 3 296 397
16 3 296 396
16 3 297 395
16 3 297 394
16 3 298 393
16 3 298 392
16 3 299 391
16 3 299 390
16 3 299 389
16 3 300 388
16 3 300 387
16 3 300 386
16 3 300 385
16 3 301 384
16 3 301 383
16 3 301 382
16 3 301 381
16 3 301 380
16 3 301 379
16 3 301 378
16 3 301 377
16 3 301 376
16 3 301 375
16 3 301 374
16 3 301 373
16 3 301 372
16 3 301 371
16 3 301 370
16 3 300 369
16 3 300 368
16 3 300 367
16 3 300 366
16 3 300 365
16 3 299 364
16 3 299 363
16 3 299 362
16 3 298 361
16 3 298 360
16 3 298 359
16 3 297 358
16 3 297 357
16 3 297 356
16 3 296 355
16 3 296 354
16 3 296 353
16 3 295 352
16 3 295 351
16 3 294 350
16 3 294 349
16 3 293 348
16 3 293 347
16 3 292 346
16 3 291 345
16 3 291 344
16 3 290 343
16 3 290 342
16 3 289 341
16 3 288 340
16 3 287 339
16 3 287 338
16 3 286 337
16 3 285 336
16 3 284 335
16 3 283 334
16 3 282 333
16 3 281 333
16 3 280 332
16 3 279 331
16 3 278 331
16 3 277 330
16 3 276 330
16 3 275 329
16 3 274 329
16 3 273 329
16 3 272 328
16 3 271 328
16 3 270 328
16 3 269 327