16 1 216 47
16 1 215 48
16 1 214 48
16 1 213 48
16 1 212 48
16 1 211 48
16 1 210 48
16 1 209 48
16 1 208 48
16 1 207 48
16 1 206 49
16 1 205 49
16 1 204 49
16 1 203 49
16 1 202 49
16 1 201 49
16 1 200 50
16 1 199 50
16 1 198 50
16 1 197 50
16 1 196 51
16 1 195 51
16 1 194 51
16 1 193 52
16 1 192 52
16 1 191 53
16 1 190 53
16 1 189 54
16 1 188 54
16 1 187 55
16 1 186 55
16 1 185 56
16 1 184 57
16 1 183 58
16 1 182 58
16 1 181 59
16 1 180 60
16 1 179 61
16 1 179 62
16 1 178 63
16 1 177 64
16 1 176 65
16 1 176 66
16 1 175 67
16 1 175 68
16 1 174 69
16 1 174 70
16 1 174 71
16 1 173 72
16 1 173 73
16 1 173 74
16 1 173 75
16 1 173 76
16 1 172 77
16 1 172 78
16 1 172 79
16 1 173 80
16 1 173 81
16 1 173 82
16 1 173 83
16 1 173 84
16 1 173 85
16 1 174 86
16 1 174 87
16 1 175 88
16 1 175 89
16 1 175 90
16 1 176 91
16 1 176 92
16 1 177 93
16 1 177 94
16 1 178 95
16 1 178 96
16 1 179 97
16 1 179 98
16 1 180 99
16 1 181 100
16 1 181 101
16 1 182 102
16 1 183 103
16 1 184 104
16 1 184 105
16 1 185 106
16 1 186 107
16 1 187 108
16 1 188 109
16 1 189 110
16 1 189 111
16 1 190 112
16 1 191 113
16 1 192 114
16 1 193 115
16 1 194 116
16 1 195 117
16 1 196 118
16 1 197 119
16 1 198 120
16 1 199 121
16 1 200 122
16 1 201 122
16 1 202 123
16 1 203 124
16 1 204 124
16 1 205 125
16 1 206 125
16 1 207 126
16 1 208 126
16 1 209 126
16 1 210 127
16 1 211 127
16 1 212 127
16 1 213 127
16 1 214 127
16 1 215 127
16 1 216 127
16 1 217 127
16 1 218 127
16 1 219 128
16 1 220 128
16 1 221 128
16 1 222 129
16 1 223 128
16 1 224 127
16 1 225 127
16 1 226 127
16 1 227 126
16 1 228 126
16 1 229 126
16 1 230 126
16 1 231 126
16 1 232 126
16 1 233 126
16 1 234 126
16 1 235 126
16 1 236 127
16 1 237 127
16 1 238 128
16 1 239 129
16 1 240 129
16 1 241 129
16 1 242 129
16 1 243 129
16 1 244 128
16 1 245 127
16 1 246 127
16 1 247 127
16 1 248 127
16 1 249 127
16 1 250 127
16 1 251 127
16 1 252 127
16 1 253 127
16 1 254 127
16 1 255 127
16 1 256 127
16 1 257 127
16 1 258 127
16 1 259 128
16 1 260 129
16 1 261 129
16 1 262 129
16 1 263 130
16 1 264 131
16 1 265 131
16 1 266 132
16 1 267 132
16 1 268 132
16 1 269 132
16 1 270 133
16 1 271 133
16 1 272 133
16 1 273 133
16 1 274 133
16 1 275 133
16 1 276 134
16 1 277 134
16 1 278 135
16 1 279 135
16 1 280 136
16 1 281 137
16 1 282 137
16 1 283 138
16 1 284 138
16 1 285 138
16 1 286 138
16 1 287 138
16 1 288 138
16 1 289 138
16 1 290 138
16 1 291 137
16 1 292 137
16 1 293 136
16 1 294 136
16 1 295 135
16 1 296 135
16 1 297 135
16 1 298 134
16 1 299 133
16 1 300 132
16 1 301 132
16 1 302 131
16 1 303 130
16 1 304 129
16 1 305 128
16 1 306 127
16 1 306 126
16 1 307 125
16 1 307 124
16 1 308 123
16 1 308 122
16 1 308 121
16 1 309 120
16 1 309 119
16 1 309 118
16 1 309 117
16 1 309 116
16 1 309 115
16 1 309 114
16 1 309 113
16 1 308 112
16 1 308 111
16 1 307 110
16 1 307 109
16 1 307 108
16 1 307 107
16 1 306 106
16 1 306 105
16 1 306 104
16 1 305 103
16 1 305 102
16 1 304 101
16 1 304 100
16 1 303 99
16 1 303 98
16 1 302 97
16 1 301 96
16 1 300 95
16 1 300 94
16 1 299 93
16 1 298 92
16 1 297 91
16 1 296 90
16 1 296 89
16 1 295 89
16 1 294 88
16 1 293 88
16 1 292 88
16 1 291 88
16 1 290 87
16 1 289 86
16 1 289 85
16 1 289 84
16 1 288 83
16 1 288 82
16 1 288 81
16 1 288 80
16 1 287 79
16 1 286 79
16 1 285 78
16 1 284 77
16 1 283 77
16 1 282 76
16 1 281 76
16 1 280 75
16 1 279 74
16 1 278 74
16 1 277 73
16 1 276 72
16 1 275 72
16 1 274 71
16 1 273 71
16 1 272 70
16 1 271 69
16 1 270 69
16 1 269 68
16 1 268 68
16 1 267 67
16 1 266 66
16 1 265 66
16 1 264 65
16 1 263 65
16 1 262 64
16 1 261 63
16 1 260 63
16 1 259 63
16 1 258 63
16 1 257 63
16 1 256 63
16 1 255 63
16 1 254 63
16 1 253 63
16 1 252 63
16 1 251 63
16 1 250 63
16 1 249 62
16 1 248 61
16 1 247 60
16 1 247 59
16 1 246 58
16 1 245 57
16 1 244 57
16 1 243 56
16 1 242 56
16 1 241 55
16 1 240 55
16 1 239 55
16 1 238 55
16 1 237 55
16 1 236 54
16 1 235 53
16 1 234 52
16 1 233 51
16 1 232 50
16 1 231 50
16 1 230 49
16 1 229 49
16 1 228 48
16 1 227 48
16 1 226 48
16 1 225 47
16 1 224 47
16 1 223 47
16 1 222 47
16 1 221 47
16 1 220 47
16 1 219 47
16 1 218 47
16 1 217 47
16 1 216 47
16 2 265 189
16 2 264 190
16 2 263 190
16 2 262 190
16 2 261 191
16 2 260 191
16 2 259 192
16 2 258 193
16 2 257 194
16 2 256 195
16 2 255 195
16 2 254 195
16 2 253 195
16 2 252 195
16 2 251 195
16 2 250 196
16 2 250 197
16 2 249 198
16 2 248 199
16 2 247 199
16 2 246 199
16 2 245 199
16 2 244 199
16 2 243 199
16 2 242 199
16 2 241 199
16 2 240 198
16 2 239 198
16 2 238 198
16 2 237 198
16 2 236 198
16 2 235 198
16 2 234 198
16 2 233 198
16 2 232 197
16 2 231 196
16 2 231 195
16 2 230 194
16 2 230 193
16 2 229 192
16 2 228 192
16 2 227 193
16 2 226 193
16 2 225 193
16 2 224 194
16 2 223 194
16 2 222 195
16 2 221 196
16 2 220 196
16 2 219 197
16 2 218 197
16 2 217 197
16 2 216 198
16 2 215 198
16 2 214 198
16 2 213 199
16 2 212 199
16 2 211 200
16 2 210 200
16 2 209 200
16 2 208 201
16 2 207 201
16 2 206 201
16 2 205 202
16 2 204 202
16 2 203 203
16 2 202 204
16 2 201 205
16 2 200 206
16 2 199 207
16 2 198 208
16 2 197 209
16 2 196 210
16 2 195 211
16 2 194 212
16 2 193 212
16 2 192 213
16 2 191 214
16 2 190 215
16 2 189 216
16 2 188 217
16 2 187 218
16 2 186 219
16 2 185 220
16 2 184 221
16 2 183 222
16 2 182 223
16 2 181 224
16 2 180 225
16 2 180 226
16 2 179 227
16 2 179 228
16 2 178 229
16 2 178 230
16 2 178 231
16 2 178 232
16 2 178 233
16 2 178 234
16 2 177 235
16 2 177 236
16 2 177 237
16 2 177 238
16 2 177 239
16 2 177 240
16 2 178 241
16 2 178 242
16 2 178 243
16 2 179 244
16 2 179 245
16 2 179 246
16 2 180 247
16 2 180 248
16 2 181 249
16 2 181 250
16 2 182 251
16 2 182 252
16 2 183 253
16 2 184 254
16 2 185 255
16 2 185 256
16 2 186 257
16 2 187 258
16 2 188 259
16 2 189 260
16 2 190 261
16 2 191 262
16 2 192 263
16 2 193 264
16 2 194 265
16 2 195 266
16 2 196 267
16 2 197 268
16 2 198 269
16 2 199 270
16 2 200 270
16 2 201 271
16 2 202 272
16 2 203 272
16 2 204 273
16 2 205 274
16 2 206 274
16 2 207 275
16 2 208 275
16 2 209 275
16 2 210 276
16 2 211 276
16 2 212 276
16 2 213 277
16 2 214 277
16 2 215 278
16 2 216 278
16 2 216 277
16 2 216 276
16 2 216 275
16 2 217 274
16 2 218 274
16 2 219 274
16 2 220 274
16 2 221 274
16 2 222 274
16 2 223 274
16 2 224 274
16 2 225 274
16 2 226 274
16 2 227 275
16 2 228 275
16 2 229 276
16 2 230 276
16 2 231 276
16 2 232 276
16 2 233 276
16 2 234 276
16 2 235 276
16 2 236 276
16 2 237 276
16 2 238 277
16 2 239 278
16 2 240 279
16 2 241 280
16 2 242 281
16 2 243 282
16 2 244 283
16 2 245 283
16 2 246 283
16 2 247 283
16 2 248 284
16 2 249 285
16 2 249 286
16 2 250 287
16 2 251 288
16 2 252 289
16 2 253 289
16 2 254 290
16 2 255 291
16 2 256 291
16 2 257 292
16 2 258 292
16 2 259 293
16 2 260 293
16 2 261 293
16 2 262 294
16 2 263 294
16 2 264 294
16 2 265 294
16 2 266 295
16 2 267 295
16 2 268 295
16 2 269 295
16 2 270 296
16 2 271 296
16 2 272 296
16 2 273 296
16 2 274 297
16 2 275 297
16 2 276 297
16 2 277 297
16 2 278 298
16 2 279 298
16 2 280 298
16 2 281 299
16 2 282 299
16 2 283 299
16 2 284 299
16 2 285 300
16 2 286 300
16 2 287 300
16 2 288 300
16 2 289 301
16 2 290 301
16 2 291 301
16 2 292 301
16 2 293 302
16 2 294 302
16 2 295 302
16 2 296 302
16 2 297 302
16 2 298 302
16 2 299 302
16 2 300 302
16 2 301 302
16 2 302 302
16 2 303 302
16 2 304 302
16 2 305 303
16 2 306 304
16 2 306 305
16 2 306 306
16 2 307 307
16 2 307 308
16 2 308 309
16 2 308 310
16 2 309 311
16 2 309 310
16 2 309 309
16 2 309 308
16 2 309 307
16 2 309 306
16 2 309 305
16 2 309 304
16 2 309 303
16 2 309 302
16 2 310 301
16 2 310 300
16 2 311 299
16 2 311 298
16 2 312 297
16 2 312 296
16 2 312 295
16 2 313 294
16 2 313 293
16 2 314 292
16 2 314 291
16 2 314 290
16 2 315 289
16 2 316 288
16 2 316 287
16 2 317 286
16 2 317 285
16 2 318 284
16 2 318 283
16 2 319 282
16 2 319 281
16 2 320 280
16 2 320 279
16 2 321 278
16 2 322 277
16 2 322 276
16 2 322 275
16 2 323 274
16 2 324 273
16 2 324 272
16 2 325 271
16 2 325 270
16 2 325 269
16 2 326 268
16 2 326 267
16 2 326 266
16 2 327 265
16 2 327 264
16 2 327 263
16 2 328 262
16 2 328 261
16 2 328 260
16 2 328 259
16 2 329 258
16 2 329 257
16 2 329 256
16 2 329 255
16 2 330 254
16 2 330 253
16 2 330 252
16 2 330 251
16 2 330 250
16 2 330 249
16 2 330 248
16 2 330 247
16 2 330 246
16 2 330 245
16 2 330 244
16 2 330 243
16 2 330 242
16 2 329 241
16 2 329 240
16 2 329 239
16 2 329 238
16 2 328 237
16 2 328 236
16 2 328 235
16 2 328 234
16 2 327 233
16 2 327 232
16 2 327 231
16 2 326 230
16 2 326 229
16 2 325 228
16 2 325 227
16 2 325 226
16 2 325 225
16 2 324 224
16 2 323 223
16 2 323 222
16 2 323 221
16 2 323 220
16 2 322 219
16 2 322 218
16 2 321 218
16 2 320 217
16 2 320 216
16 2 319 216
16 2 318 215
16 2 318 214
16 2 317 213
16 2 316 212
16 2 316 211
16 2 316 210
16 2 315 209
16 2 314 208
16 2 314 207
16 2 313 206
16 2 313 205
16 2 313 204
16 2 312 203
16 2 312 202
16 2 311 201
16 2 311 200
16 2 310 199
16 2 310 198
16 2 309 197
16 2 308 196
16 2 308 195
16 2 308 194
16 2 307 193
16 2 306 193
16 2 305 193
16 2 304 193
16 2 303 193
16 2 302 193
16 2 301 192
16 2 300 192
16 2 299 192
16 2 298 192
16 2 297 192
16 2 296 192
16 2 295 192
16 2 294 193
16 2 293 193
16 2 292 194
16 2 291 194
16 2 290 194
16 2 289 194
16 2 288 194
16 2 287 194
16 2 286 194
16 2 285 194
16 2 284 194
16 2 283 193
16 2 282 192
16 2 281 192
16 2 280 192
16 2 279 192
16 2 278 192
16 2 277 192
16 2 276 191
16 2 275 191
16 2 274 191
16 2 273 191
16 2 272 190
16 2 271 190
16 2 270 190
16 2 269 189
16 2 268 189
16 2 267 189
16 2 266 189
16 2 265 189
16 3 269 327
16 3 268 328
16 3 267 328
16 3 266 328
16 3 265 329
16 3 264 329
16 3 263 330
16 3 262 331
16 3 261 332
16 3 261 333
16 3 260 334
16 3 259 335
16 3 258 335
16 3 257 336
16 3 256 337
16 3 256 338
16 3 255 339
16 3 254 340
16 3 253 340
16 3 252 341
16 3 251 341
16 3 250 342
16 3 249 343
16 3 248 343
16 3 247 344
16 3 246 345
16 3 245 345
16 3 244 346
16 3 243 347
16 3 242 348
16 3 241 349
16 3 240 350
16 3 239 350
16 3 238 351
16 3 237 352
16 3 236 352
16 3 235 353
16 3 235 354
16 3 235 355
16 3 235 356
16 3 235 357
16 3 234 358
16 3 233 359
16 3 232 359
16 3 231 359
16 3 230 359
16 3 229 359
16 3 228 359
16 3 227 359
16 3 226 359
16 3 225 359
16 3 224 360
16 3 223 360
16 3 222 360
16 3 221 360
16 3 220 360
16 3 219 360
16 3 218 360
16 3 217 360
16 3 216 360
16 3 215 360
16 3 214 360
16 3 213 360
16 3 212 360
16 3 211 360
16 3 210 360
16 3 209 360
16 3 208 360
16 3 207 360
16 3 206 360
16 3 205 360
16 3 204 360
16 3 203 361
16 3 202 362
16 3 201 363
16 3 200 364
16 3 199 365
16 3 198 366
16 3 197 367
16 3 196 368
16 3 195 369
16 3 195 370
16 3 194 371
16 3 193 372
16 3 193 373
16 3 193 374
16 3 192 375
16 3 192 376
16 3 192 377
16 3 191 378
16 3 191 379
16 3 191 380
16 3 191 381
16 3 190 382
16 3 190 383
16 3 190 384
16 3 190 385
16 3 190 386
16 3 189 387
16 3 189 388
16 3 189 389
16 3 189 390
16 3 189 391
16 3 188 392
16 3 188 393
16 3 188 394
16 3 188 395
16 3 187 396
16 3 187 397
16 3 187 398
16 3 186 399
16 3 186 400
16 3 186 401
16 3 185 402
16 3 185 403
16 3 185 404
16 3 185 405
16 3 184 406
16 3 184 407
16 3 184 408
16 3 184 409
16 3 184 410
16 3 184 411
16 3 185 412
16 3 185 413
16 3 185 414
16 3 185 415
16 3 186 416
16 3 186 417
16 3 187 418
16 3 187 419
16 3 187 420
16 3 188 421
16 3 188 422
16 3 189 423
16 3 189 424
16 3 190 425
16 3 191 426
16 3 191 427
16 3 192 428
16 3 193 429
16 3 194 430
16 3 194 431
16 3 195 432
16 3 196 433
16 3 197 434
16 3 198 435
16 3 199 436
16 3 200 436
16 3 201 437
16 3 202 438
16 3 203 439
16 3 204 439
16 3 205 440
16 3 206 440
16 3 207 441
16 3 208 441
16 3 209 442
16 3 210 442
16 3 211 442
16 3 212 443
16 3 213 443
16 3 214 443
16 3 215 444
16 3 216 444
16 3 217 444
16 3 218 444
16 3 219 444
16 3 220 444
16 3 221 444
16 3 222 444
16 3 223 444
16 3 224 443
16 3 225 443
16 3 226 443
16 3 227 443
16 3 228 443
16 3 229 443
16 3 230 443
16 3 231 443
16 3 232 443
16 3 233 443
16 3 234 443
16 3 235 443
16 3 236 443
16 3 237 443
16 3 238 443
16 3 238 442
16 3 238 441
16 3 238 440
16 3 238 439
16 3 238 438
16 3 239 437
16 3 240 437
16 3 241 437
16 3 242 437
16 3 243 437
16 3 244 437
16 3 244 436
16 3 244 435
16 3 244 434
16 3 245 433
16 3 246 432
16 3 247 432
16 3 248 432
16 3 249 432
16 3 250 432
16 3 251 432
16 3 252 432
16 3 253 432
16 3 254 432
16 3 255 432
16 3 256 432
16 3 257 432
16 3 258 431
16 3 259 430
16 3 260 430
16 3 261 429
16 3 262 429
16 3 262 428
16 3 262 427
16 3 262 426
16 3 262 425
16 3 262 424
16 3 262 423
16 3 263 422
16 3 264 421
16 3 265 421
16 3 266 421
16 3 267 421
16 3 268 421
16 3 269 421
16 3 270 421
16 3 271 421
16 3 272 421
16 3 273 421
16 3 274 420
16 3 275 420
16 3 276 419
16 3 277 418
16 3 278 418
16 3 279 417
16 3 279 416
16 3 279 415
16 3 279 414
16 3 279 413
16 3 279 412
16 3 279 411
16 3 280 410
16 3 281 409
16 3 282 408
16 3 283 408
16 3 284 408
16 3 285 408
16 3 286 408
16 3 287 408
16 3 288 408
16 3 289 408
16 3 290 409
16 3 291 408
16 3 292 408
16 3 293 407
16 3 294 406
16 3 295 405
16 3 295 404
16 3 295 403
16 3 295 402
16 3 295 401
16 3 295 400
16 3 295 399
16 3 295 398
16 3 296 397
16 3 296 396
16 3 297 395
16 3 297 394
16 3 298 393
16 3 298 392
16 3 299 391
16 3 299 390
16 3 299 389
16 3 300 388
16 3 300 387
16 3 300 386
16 3 300 385
16 3 301 384
16 3 301 383
16 3 301 382
16 3 301 381
16 3 301 380
16 3 301 379
16 3 301 378
16 3 301 377
16 3 301 376
16 3 301 375
16 3 301 374
16 3 301 373
16 3 301 372
16 3 301 371
16 3 301 370
16 3 300 369
16 3 300 368
16 3 300 367
16 3 300 366
16 3 300 365
16 3 299 364
16 3 299 363
16 3 299 362
16 3 298 361
16 3 298 360
16 3 298 359
16 3 297 358
16 3 297 357
16 3 297 356
16 3 296 355
16 3 296 354
16 3 296 353
16 3 295 352
16 3 295 351
16 3 294 350
16 3 294 349
16 3 293 348
16 3 293 347
16 3 292 346
16 3 291 345
16 3 291 344
16 3 290 343
16 3 290 342
16 3 289 341
16 3 288 340
16 3 287 339
16 3 287 338
16 3 286 337
16 3 285 336
16 3 284 335
16 3 283 334
16 3 282 333
16 3 281 333
16 3 280 332
16 3 279 331
16 3 278 331
16 3 277 330
16 3 276 330
16 3 275 329
16 3 274 329
16 3 273 329
16 3 272 328
16 3 271 328
16 3 270 328
16 3 269 327
17 1 219 46
17 1 218 47
17 1 217 47
17 1 216 47
17 1 215 47
17 1 214 47
17 1 213 48
17 1 212 48
17 1 211 48
17 1 210 48
17 1 209 48
17 1 208 48
17 1 207 49
17 1 206 49
17 1 205 49
17 1 204 49
17 1 203 50
17 1 202 50
17 1 201 50
17 1 200 50
17 1 199 51
17 1 198 51
17 1 197 51
17 1 196 52
17 1 195 52
17 1 194 53
17 1 193 53
17 1 192 54
17 1 191 54
17 1 190 55
17 1 189 55
17 1 188 56
17 1 187 57
17 1 186 58
17 1 185 58
17 1 184 59
17 1 183 60
17 1 182 61
17 1 181 62
17 1 181 63
17 1 180 64
17 1 179 65
17 1 179 66
17 1 178 67
17 1 178 68
17 1 177 69
17 1 177 70
17 1 176 71
17 1 176 72
17 1 176 73
17 1 176 74
17 1 175 75
17 1 175 76
17 1 175 77
17 1 175 78
17 1 175 79
17 1 175 80
17 1 175 81
17 1 175 82
17 1 176 83
17 1 176 84
17 1 176 85
17 1 176 86
17 1 177 87
17 1 177 88
17 1 177 89
17 1 178 90
17 1 178 91
17 1 179 92
17 1 179 93
17 1 180 94
17 1 180 95
17 1 181 96
17 1 181 97
17 1 182 98
17 1 182 99
17 1 183 100
17 1 184 101
17 1 184 102
17 1 185 103
17 1 186 104
17 1 187 105
17 1 188 106
17 1 188 107
17 1 189 108
17 1 190 109
17 1 191 110
17 1 191 111
17 1 192 112
17 1 193 113
17 1 194 114
17 1 195 115
17 1 196 116
17 1 197 117
17 1 198 118
17 1 199 119
17 1 200 120
17 1 201 121
17 1 202 121
17 1 203 122
17 1 204 123
17 1 205 123
17 1 206 124
17 1 207 124
17 1 208 125
17 1 209 125
17 1 210 125
17 1 211 126
17 1 212 126
17 1 213 126
17 1 214 126
17 1 215 126
17 1 216 126
17 1 217 127
17 1 218 127
17 1 219 127
17 1 220 128
17 1 221 128
17 1 222 128
17 1 223 127
17 1 224 127
17 1 225 127
17 1 226 127
17 1 227 127
17 1 228 127
17 1 229 127
17 1 230 127
17 1 231 127
17 1 232 127
17 1 233 127
17 1 234 127
17 1 235 127
17 1 236 127
17 1 237 128
17 1 238 129
17 1 239 130
17 1 240 130
17 1 241 130
17 1 242 129
17 1 243 128
17 1 244 128
17 1 245 127
17 1 246 127
17 1 247 127
17 1 248 127
17 1 249 127
17 1 250 127
17 1 251 127
17 1 252 127
17 1 253 127
17 1 254 128
17 1 255 128
17 1 256 128
17 1 257 128
17 1 258 129
17 1 259 129
17 1 260 130
17 1 261 131
17 1 262 132
17 1 263 133
17 1 264 133
17 1 265 133
17 1 266 133
17 1 267 134
17 1 268 134
17 1 269 134
17 1 270 134
17 1 271 135
17 1 272 135
17 1 273 136
17 1 274 136
17 1 275 137
17 1 276 138
17 1 277 139
17 1 278 139
17 1 279 140
17 1 280 141
17 1 281 141
17 1 282 141
17 1 283 142
17 1 284 142
17 1 285 142
17 1 286 142
17 1 287 143
17 1 288 143
17 1 289 143
17 1 290 143
17 1 291 142
17 1 292 142
17 1 293 142
17 1 294 142
17 1 295 142
17 1 296 141
17 1 297 141
17 1 298 141
17 1 299 140
17 1 300 140
17 1 301 139
17 1 302 139
17 1 303 138
17 1 304 138
17 1 305 137
17 1 306 137
17 1 307 136
17 1 308 135
17 1 309 134
17 1 310 133
17 1 311 132
17 1 312 131
17 1 313 130
17 1 313 129
17 1 314 128
17 1 314 127
17 1 315 126
17 1 316 125
17 1 316 124
17 1 316 123
17 1 316 122
17 1 317 121
17 1 317 120
17 1 317 119
17 1 317 118
17 1 317 117
17 1 316 116
17 1 316 115
17 1 316 114
17 1 316 113
17 1 316 112
17 1 316 111
17 1 316 110
17 1 315 109
17 1 314 108
17 1 313 107
17 1 313 106
17 1 312 105
17 1 312 104
17 1 311 104
17 1 310 103
17 1 309 102
17 1 308 101
17 1 307 100
17 1 307 99
17 1 306 98
17 1 306 97
17 1 305 96
17 1 305 95
17 1 304 94
17 1 303 93
17 1 302 92
17 1 301 92
17 1 300 91
17 1 299 90
17 1 298 89
17 1 298 88
17 1 297 87
17 1 297 86
17 1 297 85
17 1 297 84
17 1 296 84
17 1 295 84
17 1 294 84
17 1 293 84
17 1 292 84
17 1 291 84
17 1 290 84
17 1 289 83
17 1 289 82
17 1 288 81
17 1 288 80
17 1 288 79
17 1 288 78
17 1 288 77
17 1 287 77
17 1 286 76
17 1 285 76
17 1 284 75
17 1 283 74
17 1 282 74
17 1 281 73
17 1 280 72
17 1 279 72
17 1 278 71
17 1 277 71
17 1 276 70
17 1 275 69
17 1 274 69
17 1 273 68
17 1 272 68
17 1 271 67
17 1 270 66
17 1 269 66
17 1 268 65
17 1 267 65
17 1 266 64
17 1 265 63
17 1 264 63
17 1 263 62
17 1 262 62
17 1 261 61
17 1 260 61
17 1 259 61
17 1 258 61
17 1 257 61
17 1 256 61
17 1 255 61
17 1 254 61
17 1 253 61
17 1 252 61
17 1 251 61
17 1 250 60
17 1 249 60
17 1 248 59
17 1 247 58
17 1 247 57
17 1 246 56
17 1 245 55
17 1 244 55
17 1 243 54
17 1 242 54
17 1 241 54
17 1 240 54
17 1 239 53
17 1 238 53
17 1 237 52
17 1 236 51
17 1 235 51
17 1 234 50
17 1 233 49
17 1 232 49
17 1 231 48
17 1 230 48
17 1 229 47
17 1 228 47
17 1 227 47
17 1 226 47
17 1 225 46
17 1 224 46
17 1 223 46
17 1 222 46
17 1 221 46
17 1 220 46
17 1 219 46
17 2 301 190
17 2 301 191
17 2 300 192
17 2 299 192
17 2 298 192
17 2 297 192
17 2 296 192
17 2 295 192
17 2 294 192
17 2 293 192
17 2 292 193
17 2 291 193
17 2 290 194
17 2 289 194
17 2 288 194
17 2 287 194
17 2 286 194
17 2 285 194
17 2 284 194
17 2 283 194
17 2 282 194
17 2 281 193
17 2 280 192
17 2 279 192
17 2 278 192
17 2 277 192
17 2 276 192
17 2 275 192
17 2 274 192
17 2 273 192
17 2 272 191
17 2 271 191
17 2 270 191
17 2 269 191
17 2 268 191
17 2 267 191
17 2 266 191
17 2 265 191
17 2 264 191
17 2 263 191
17 2 262 192
17 2 261 192
17 2 260 193
17 2 259 193
17 2 258 194
17 2 257 195
17 2 256 196
17 2 255 197
17 2 255 198
17 2 254 199
17 2 253 200
17 2 252 200
17 2 251 200
17 2 250 200
17 2 249 200
17 2 248 200
17 2 248 201
17 2 247 202
17 2 246 202
17 2 245 202
17 2 244 202
17 2 243 202
17 2 242 202
17 2 241 202
17 2 240 202
17 2 239 202
17 2 238 201
17 2 237 202
17 2 236 203
17 2 235 203
17 2 234 203
17 2 233 203
17 2 232 203
17 2 231 203
17 2 230 203
17 2 229 203
17 2 228 202
17 2 227 201
17 2 227 200
17 2 226 199
17 2 226 198
17 2 225 197
17 2 224 198
17 2 223 198
17 2 222 198
17 2 221 199
17 2 220 199
17 2 219 200
17 2 218 201
17 2 217 201
17 2 216 201
17 2 215 202
17 2 214 202
17 2 213 203
17 2 212 203
17 2 211 203
17 2 210 204
17 2 209 204
17 2 208 205
17 2 207 205
17 2 206 206
17 2 205 206
17 2 204 207
17 2 203 207
17 2 202 208
17 2 201 209
17 2 200 210
17 2 199 210
17 2 198 211
17 2 197 212
17 2 196 212
17 2 195 213
17 2 194 214
17 2 193 215
17 2 192 215
17 2 191 216
17 2 190 217
17 2 189 218
17 2 188 219
17 2 187 220
17 2 186 221
17 2 186 222
17 2 185 223
17 2 184 224
17 2 184 225
17 2 183 226
17 2 183 227
17 2 182 228
17 2 182 229
17 2 181 230
17 2 181 231
17 2 180 232
17 2 180 233
17 2 179 234
17 2 179 235
17 2 178 236
17 2 178 237
17 2 178 238
17 2 178 239
17 2 178 240
17 2 179 241
17 2 179 242
17 2 179 243
17 2 179 244
17 2 180 245
17 2 180 246
17 2 181 247
17 2 181 248
17 2 181 249
17 2 182 250
17 2 182 251
17 2 183 252
17 2 184 253
17 2 185 254
17 2 185 255
17 2 186 256
17 2 187 257
17 2 188 258
17 2 189 259
17 2 190 260
17 2 191 260
17 2 192 261
17 2 193 262
17 2 194 263
17 2 195 264
17 2 196 265
17 2 197 265
17 2 198 266
17 2 199 267
17 2 200 268
17 2 201 268
17 2 202 269
17 2 203 269
17 2 204 270
17 2 205 270
17 2 206 271
17 2 207 271
17 2 208 271
17 2 209 270
17 2 210 270
17 2 211 270
17 2 212 270
17 2 213 270
17 2 214 269
17 2 215 269
17 2 216 269
17 2 217 269
17 2 218 269
17 2 219 269
17 2 220 269
17 2 221 269
17 2 222 269
17 2 223 269
17 2 224 269
17 2 225 270
17 2 226 270
17 2 227 271
17 2 228 271
17 2 229 271
17 2 230 271
17 2 231 271
17 2 232 271
17 2 233 271
17 2 234 271
17 2 235 271
17 2 236 272
17 2 237 273
17 2 237 274
17 2 238 275
17 2 239 275
17 2 240 276
17 2 241 277
17 2 241 278
17 2 242 278
17 2 243 278
17 2 244 279
17 2 245 280
17 2 246 281
17 2 246 282
17 2 247 283
17 2 248 284
17 2 248 285
17 2 249 286
17 2 250 287
17 2 251 287
17 2 252 288
17 2 253 289
17 2 254 290
17 2 255 290
17 2 256 291
17 2 257 291
17 2 258 291
17 2 259 292
17 2 260 292
17 2 261 293
17 2 262 293
17 2 263 294
17 2 264 294
17 2 265 294
17 2 266 295
17 2 267 295
17 2 268 295
17 2 269 295
17 2 270 296
17 2 271 296
17 2 272 297
17 2 273 297
17 2 274 297
17 2 275 298
17 2 276 298
17 2 277 298
17 2 278 298
17 2 279 299
17 2 280 299
17 2 281 299
17 2 282 300
17 2 283 300
17 2 284 301
17 2 285 302
17 2 286 302
17 2 287 303
17 2 288 303
17 2 289 304
17 2 290 304
17 2 291 304
17 2 292 305
17 2 293 305
17 2 294 305
17 2 295 306
17 2 296 306
17 2 297 306
17 2 298 307
17 2 299 307
17 2 300 308
17 2 301 309
17 2 302 310
17 2 303 310
17 2 304 311
17 2 305 312
17 2 305 313
17 2 306 314
17 2 306 315
17 2 307 316
17 2 307 317
17 2 307 318
17 2 307 319
17 2 307 320
17 2 308 321
17 2 308 322
17 2 308 323
17 2 308 324
17 2 308 325
17 2 308 326
17 2 308 327
17 2 308 328
17 2 308 329
17 2 309 330
17 2 309 331
17 2 310 332
17 2 310 333
17 2 310 334
17 2 311 335
17 2 311 336
17 2 311 337
17 2 312 338
17 2 312 339
17 2 313 340
17 2 313 341
17 2 314 342
17 2 314 343
17 2 315 344
17 2 314 343
17 2 314 342
17 2 314 341
17 2 314 340
17 2 314 339
17 2 314 338
17 2 313 337
17 2 313 336
17 2 313 335
17 2 313 334
17 2 313 333
17 2 313 332
17 2 313 331
17 2 313 330
17 2 313 329
17 2 313 328
17 2 313 327
17 2 313 326
17 2 313 325
17 2 313 324
17 2 313 323
17 2 313 322
17 2 313 321
17 2 313 320
17 2 313 319
17 2 313 318
17 2 313 317
17 2 313 316
17 2 313 315
17 2 313 314
17 2 313 313
17 2 313 312
17 2 313 311
17 2 313 310
17 2 314 309
17 2 314 308
17 2 314 307
17 2 314 306
17 2 314 305
17 2 314 304
17 2 315 303
17 2 315 302
17 2 315 301
17 2 315 300
17 2 315 299
17 2 316 298
17 2 316 297
17 2 317 296
17 2 317 295
17 2 318 294
17 2 318 293
17 2 318 292
17 2 319 291
17 2 319 290
17 2 320 289
17 2 321 288
17 2 322 288
17 2 323 288
17 2 323 287
17 2 324 286
17 2 325 285
17 2 325 284
17 2 325 283
17 2 326 282
17 2 327 281
17 2 327 280
17 2 328 279
17 2 328 278
17 2 329 277
17 2 329 276
17 2 330 275
17 2 330 274
17 2 330 273
17 2 331 272
17 2 331 271
17 2 332 270
17 2 332 269
17 2 332 268
17 2 332 267
17 2 333 266
17 2 333 265
17 2 333 264
17 2 333 263
17 2 334 262
17 2 334 261
17 2 334 260
17 2 334 259
17 2 334 258
17 2 334 257
17 2 334 256
17 2 335 255
17 2 335 254
17 2 335 253
17 2 335 252
17 2 335 251
17 2 335 250
17 2 335 249
17 2 335 248
17 2 335 247
17 2 335 246
17 2 335 245
17 2 334 244
17 2 334 243
17 2 334 242
17 2 334 241
17 2 334 240
17 2 334 239
17 2 333 238
17 2 333 237
17 2 333 236
17 2 333 235
17 2 333 234
17 2 332 233
17 2 332 232
17 2 332 231
17 2 331 230
17 2 331 229
17 2 331 228
17 2 330 227
17 2 330 226
17 2 329 225
17 2 329 224
17 2 329 223
17 2 328 222
17 2 328 221
17 2 327 220
17 2 326 219
17 2 325 219
17 2 324 218
17 2 323 217
17 2 322 216
17 2 322 215
17 2 321 214
17 2 321 213
17 2 320 212
17 2 320 211
17 2 319 210
17 2 319 209
17 2 319 208
17 2 318 207
17 2 318 206
17 2 318 205
17 2 317 204
17 2 317 203
17 2 316 202
17 2 316 201
17 2 316 200
17 2 315 199
17 2 314 198
17 2 314 197
17 2 313 196
17 2 313 195
17 2 312 194
17 2 311 193
17 2 310 192
17 2 310 191
17 2 309 190
17 2 308 190
17 2 307 190
17 2 306 190
17 2 305 190
17 2 304 190
17 2 303 190
17 2 302 190
17 2 301 190
17 3 265 324
17 3 264 325
17 3 263 325
17 3 262 325
17 3 261 326
17 3 260 326
17 3 259 327
17 3 258 327
17 3 257 328
17 3 257 329
17 3 256 330
17 3 256 331
17 3 256 332
17 3 255 333
17 3 254 333
17 3 254 334
17 3 253 335
17 3 253 336
17 3 253 337
17 3 253 338
17 3 252 339
17 3 251 340
17 3 250 340
17 3 249 341
17 3 248 341
17 3 247 342
17 3 246 343
17 3 245 344
17 3 244 344
17 3 243 345
17 3 242 346
17 3 241 347
17 3 240 348
17 3 239 349
17 3 238 350
17 3 237 351
17 3 236 352
17 3 235 353
17 3 234 353
17 3 234 354
17 3 233 355
17 3 233 356
17 3 233 357
17 3 233 358
17 3 232 359
17 3 231 360
17 3 230 360
17 3 229 360
17 3 228 360
17 3 227 360
17 3 226 360
17 3 225 360
17 3 224 360
17 3 223 361
17 3 222 361
17 3 221 361
17 3 220 361
17 3 219 361
17 3 218 361
17 3 217 361
17 3 216 361
17 3 215 361
17 3 214 361
17 3 213 361
17 3 212 362
17 3 211 362
17 3 210 362
17 3 209 362
17 3 208 362
17 3 207 362
17 3 206 362
17 3 205 362
17 3 204 363
17 3 203 364
17 3 202 365
17 3 201 366
17 3 200 367
17 3 200 368
17 3 200 369
17 3 199 370
17 3 198 371
17 3 198 372
17 3 197 373
17 3 197 374
17 3 196 375
17 3 196 376
17 3 195 377
17 3 195 378
17 3 195 379
17 3 194 380
17 3 194 381
17 3 194 382
17 3 194 383
17 3 194 384
17 3 193 385
17 3 193 386
17 3 193 387
17 3 193 388
17 3 193 389
17 3 193 390
17 3 193 391
17 3 192 392
17 3 192 393
17 3 192 394
17 3 192 395
17 3 192 396
17 3 192 397
17 3 191 398
17 3 191 399
17 3 191 400
17 3 190 401
17 3 190 402
17 3 190 403
17 3 190 404
17 3 189 405
17 3 189 406
17 3 189 407
17 3 188 408
17 3 188 409
17 3 188 410
17 3 188 411
17 3 188 412
17 3 188 413
17 3 189 414
17 3 189 415
17 3 189 416
17 3 189 417
17 3 190 418
17 3 190 419
17 3 190 420
17 3 191 421
17 3 191 422
17 3 192 423
17 3 192 424
17 3 193 425
17 3 193 426
17 3 194 427
17 3 194 428
17 3 195 429
17 3 196 430
17 3 196 431
17 3 197 432
17 3 198 433
17 3 199 434
17 3 200 435
17 3 201 436
17 3 202 437
17 3 203 438
17 3 204 438
17 3 205 439
17 3 206 440
17 3 207 440
17 3 208 441
17 3 209 441
17 3 210 442
17 3 211 442
17 3 212 443
17 3 213 443
17 3 214 443
17 3 215 444
17 3 216 444
17 3 217 444
17 3 218 444
17 3 219 445
17 3 220 445
17 3 221 445
17 3 222 445
17 3 223 445
17 3 224 445
17 3 225 445
17 3 226 444
17 3 227 444
17 3 228 444
17 3 229 444
17 3 230 444
17 3 231 444
17 3 232 444
17 3 233 444
17 3 234 444
17 3 235 443
17 3 236 443
17 3 237 442
17 3 238 441
17 3 238 440
17 3 239 439
17 3 240 439
17 3 241 438
17 3 242 438
17 3 243 438
17 3 244 437
17 3 244 436
17 3 245 435
17 3 246 434
17 3 247 434
17 3 248 434
17 3 249 434
17 3 250 434
17 3 251 434
17 3 252 434
17 3 253 434
17 3 254 434
17 3 255 434
17 3 256 434
17 3 257 434
17 3 258 433
17 3 259 433
17 3 260 432
17 3 261 431
17 3 261 430
17 3 261 429
17 3 261 428
17 3 261 427
17 3 262 426
17 3 263 425
17 3 264 424
17 3 265 424
17 3 266 424
17 3 267 424
17 3 268 424
17 3 269 424
17 3 270 424
17 3 271 424
17 3 272 424
17 3 273 423
17 3 274 423
17 3 275 422
17 3 276 421
17 3 276 420
17 3 276 419
17 3 276 418
17 3 276 417
17 3 276 416
17 3 277 415
17 3 278 415
17 3 279 415
17 3 280 415
17 3 281 415
17 3 282 415
17 3 283 415
17 3 284 415
17 3 285 415
17 3 286 414
17 3 287 414
17 3 288 413
17 3 289 412
17 3 290 411
17 3 291 411
17 3 292 410
17 3 293 409
17 3 293 408
17 3 293 407
17 3 293 406
17 3 293 405
17 3 293 404
17 3 293 403
17 3 294 402
17 3 295 401
17 3 295 400
17 3 295 399
17 3 296 398
17 3 296 397
17 3 297 396
17 3 297 395
17 3 297 394
17 3 297 393
17 3 298 392
17 3 298 391
17 3 298 390
17 3 298 389
17 3 299 388
17 3 299 387
17 3 299 386
17 3 299 385
17 3 300 384
17 3 301 383
17 3 302 383
17 3 303 383
17 3 304 383
17 3 305 383
17 3 306 383
17 3 307 383
17 3 308 383
17 3 308 382
17 3 308 381
17 3 308 380
17 3 308 379
17 3 308 378
17 3 308 377
17 3 308 376
17 3 308 375
17 3 308 374
17 3 308 373
17 3 308 372
17 3 307 371
17 3 307 370
17 3 307 369
17 3 307 368
17 3 307 367
17 3 307 366
17 3 306 365
17 3 306 364
17 3 306 363
17 3 306 362
17 3 305 361
17 3 305 360
17 3 305 359
17 3 304 358
17 3 304 357
17 3 304 356
17 3 303 355
17 3 303 354
17 3 302 353
17 3 302 352
17 3 301 351
17 3 301 350
17 3 300 349
17 3 300 348
17 3 299 347
17 3 299 346
17 3 298 345
17 3 298 344
17 3 297 343
17 3 296 342
17 3 295 341
17 3 295 340
17 3 294 339
17 3 293 338
17 3 292 337
17 3 291 336
17 3 290 335
17 3 289 334
17 3 288 333
17 3 287 333
17 3 286 332
17 3 285 331
17 3 284 330
17 3 283 329
17 3 282 328
17 3 281 328
17 3 280 327
17 3 279 326
17 3 278 326
17 3 277 325
17 3 276 325
17 3 275 325
17 3 274 325
17 3 273 325
17 3 272 325
17 3 271 325
17 3 270 325
17 3 269 325
17 3 268 325
17 3 267 325
17 3 266 324
17 3 265 324