21 1 231 44
21 1 230 45
21 1 229 45
21 1 228 45
21 1 227 45
21 1 226 45
21 1 225 46
21 1 224 46
21 1 223 46
21 1 222 47
21 1 221 47
21 1 220 47
21 1 219 48
21 1 218 48
21 1 217 48
21 1 216 49
21 1 215 49
21 1 214 49
21 1 213 50
21 1 212 51
21 1 211 51
21 1 210 52
21 1 209 52
21 1 208 53
21 1 207 53
21 1 206 54
21 1 205 55
21 1 204 56
21 1 203 56
21 1 202 57
21 1 201 58
21 1 200 59
21 1 199 60
21 1 198 61
21 1 197 62
21 1 197 63
21 1 196 64
21 1 195 65
21 1 195 66
21 1 194 67
21 1 194 68
21 1 193 69
21 1 193 70
21 1 192 71
21 1 192 72
21 1 192 73
21 1 191 74
21 1 191 75
21 1 191 76
21 1 191 77
21 1 191 78
21 1 191 79
21 1 190 80
21 1 191 81
21 1 191 82
21 1 191 83
21 1 191 84
21 1 191 85
21 1 191 86
21 1 192 87
21 1 192 88
21 1 192 89
21 1 193 90
21 1 193 91
21 1 194 92
21 1 194 93
21 1 194 94
21 1 195 95
21 1 195 96
21 1 196 97
21 1 196 98
21 1 197 99
21 1 197 100
21 1 198 101
21 1 199 102
21 1 199 103
21 1 200 104
21 1 200 105
21 1 201 106
21 1 202 107
21 1 202 108
21 1 203 109
21 1 204 110
21 1 204 111
21 1 205 112
21 1 206 113
21 1 207 114
21 1 208 115
21 1 209 116
21 1 210 117
21 1 211 117
21 1 212 118
21 1 213 119
21 1 214 119
21 1 215 120
21 1 216 121
21 1 217 122
21 1 218 122
21 1 219 123
21 1 220 124
21 1 221 124
21 1 222 124
21 1 223 124
21 1 224 124
21 1 225 124
21 1 226 124
21 1 227 124
21 1 228 124
21 1 229 124
21 1 230 124
21 1 231 124
21 1 232 125
21 1 233 125
21 1 234 126
21 1 235 127
21 1 236 128
21 1 237 129
21 1 238 128
21 1 239 128
21 1 240 127
21 1 241 127
21 1 242 126
21 1 243 126
21 1 244 126
21 1 245 126
21 1 246 126
21 1 247 126
21 1 248 126
21 1 249 126
21 1 250 126
21 1 251 127
21 1 252 128
21 1 253 129
21 1 254 130
21 1 254 131
21 1 255 132
21 1 256 133
21 1 257 134
21 1 258 134
21 1 259 135
21 1 260 136
21 1 261 137
21 1 262 137
21 1 263 138
21 1 264 139
21 1 265 140
21 1 266 141
21 1 266 142
21 1 266 143
21 1 267 144
21 1 268 145
21 1 268 146
21 1 269 147
21 1 270 148
21 1 270 149
21 1 271 150
21 1 271 151
21 1 271 152
21 1 271 153
21 1 272 153
21 1 273 154
21 1 274 155
21 1 275 156
21 1 276 157
21 1 277 158
21 1 278 159
21 1 279 160
21 1 280 160
21 1 281 161
21 1 282 161
21 1 283 161
21 1 284 162
21 1 285 162
21 1 286 162
21 1 287 162
21 1 288 162
21 1 289 162
21 1 290 161
21 1 291 161
21 1 292 161
21 1 293 161
21 1 294 161
21 1 295 161
21 1 296 161
21 1 297 161
21 1 298 161
21 1 299 161
21 1 300 160
21 1 301 160
21 1 302 159
21 1 303 159
21 1 304 158
21 1 305 158
21 1 306 157
21 1 307 157
21 1 308 156
21 1 309 156
21 1 310 156
21 1 311 156
21 1 312 156
21 1 313 156
21 1 314 156
21 1 315 156
21 1 316 157
21 1 316 158
21 1 316 159
21 1 316 160
21 1 316 161
21 1 316 162
21 1 316 163
21 1 316 164
21 1 316 165
21 1 316 166
21 1 316 167
21 1 316 168
21 1 315 169
21 1 315 170
21 1 314 171
21 1 313 172
21 1 312 173
21 1 311 174
21 1 310 174
21 1 309 175
21 1 308 176
21 1 307 177
21 1 306 178
21 1 305 179
21 1 304 180
21 1 303 181
21 1 302 182
21 1 301 183
21 1 300 184
21 1 299 185
21 1 298 186
21 1 297 186
21 1 296 187
21 1 295 188
21 1 295 189
21 1 294 190
21 1 293 191
21 1 292 191
21 1 291 192
21 1 290 192
21 1 289 192
21 1 288 193
21 1 287 193
21 1 286 193
21 1 285 193
21 1 284 194
21 1 283 194
21 1 282 194
21 1 281 194
21 1 280 194
21 1 279 194
21 1 278 194
21 1 277 194
21 1 276 194
21 1 275 194
21 1 274 194
21 1 273 194
21 1 272 194
21 1 271 194
21 1 270 194
21 1 269 194
21 1 268 194
21 1 267 195
21 1 266 195
21 1 265 196
21 1 264 196
21 1 263 196
21 1 262 196
21 1 261 197
21 1 260 198
21 1 259 198
21 1 258 199
21 1 257 200
21 1 256 201
21 1 255 202
21 1 254 203
21 1 253 204
21 1 252 205
21 1 251 206
21 1 251 207
21 1 250 208
21 1 249 209
21 1 249 210
21 1 248 211
21 1 248 212
21 1 247 213
21 1 247 214
21 1 246 215
21 1 246 216
21 1 245 217
21 1 244 218
21 1 244 219
21 1 243 220
21 1 242 221
21 1 241 222
21 1 241 223
21 1 240 224
21 1 239 225
21 1 239 226
21 1 238 227
21 1 238 228
21 1 237 229
21 1 236 230
21 1 236 231
21 1 235 232
21 1 235 233
21 1 234 234
21 1 234 235
21 1 233 236
21 1 233 237
21 1 232 238
21 1 232 239
21 1 231 240
21 1 231 241
21 1 231 242
21 1 230 243
21 1 230 244
21 1 230 245
21 1 231 246
21 1 231 247
21 1 232 248
21 1 232 249
21 1 233 250
21 1 233 251
21 1 234 252
21 1 234 253
21 1 235 254
21 1 235 255
21 1 235 256
21 1 236 257
21 1 236 258
21 1 237 259
21 1 237 260
21 1 238 261
21 1 238 262
21 1 239 263
21 1 239 264
21 1 240 265
21 1 240 266
21 1 240 267
21 1 241 268
21 1 241 269
21 1 242 270
21 1 242 271
21 1 242 272
21 1 243 273
21 1 243 274
21 1 243 275
21 1 244 276
21 1 245 277
21 1 245 278
21 1 245 279
21 1 246 279
21 1 247 280
21 1 248 280
21 1 249 281
21 1 249 282
21 1 250 283
21 1 251 284
21 1 252 285
21 1 253 286
21 1 254 287
21 1 255 288
21 1 256 288
21 1 257 289
21 1 258 290
21 1 259 290
21 1 260 291
21 1 261 291
21 1 262 291
21 1 263 292
21 1 264 292
21 1 265 293
21 1 266 293
21 1 267 294
21 1 268 294
21 1 269 294
21 1 270 295
21 1 271 296
21 1 272 296
21 1 273 297
21 1 274 297
21 1 275 298
21 1 276 299
21 1 277 299
21 1 278 300
21 1 279 301
21 1 280 301
21 1 281 302
21 1 282 302
21 1 283 303
21 1 284 304
21 1 285 304
21 1 286 305
21 1 287 305
21 1 288 306
21 1 289 306
21 1 290 307
21 1 291 308
21 1 292 309
21 1 292 310
21 1 293 311
21 1 294 312
21 1 294 313
21 1 295 314
21 1 295 315
21 1 295 316
21 1 295 317
21 1 295 318
21 1 295 319
21 1 295 320
21 1 295 321
21 1 295 322
21 1 295 323
21 1 295 324
21 1 295 325
21 1 294 326
21 1 293 326
21 1 292 326
21 1 291 326
21 1 290 326
21 1 289 326
21 1 288 326
21 1 287 326
21 1 286 325
21 1 285 325
21 1 284 324
21 1 283 323
21 1 282 323
21 1 281 322
21 1 280 322
21 1 279 321
21 1 278 321
21 1 277 320
21 1 276 320
21 1 275 319
21 1 274 318
21 1 273 318
21 1 272 317
21 1 271 316
21 1 270 316
21 1 269 315
21 1 268 314
21 1 267 314
21 1 266 313
21 1 265 313
21 1 264 312
21 1 263 312
21 1 262 311
21 1 261 311
21 1 260 310
21 1 259 310
21 1 258 310
21 1 257 310
21 1 256 310
21 1 255 310
21 1 255 311
21 1 254 312
21 1 253 313
21 1 252 314
21 1 251 315
21 1 250 316
21 1 249 317
21 1 248 318
21 1 247 319
21 1 246 320
21 1 246 321
21 1 245 322
21 1 244 323
21 1 243 324
21 1 242 325
21 1 242 326
21 1 241 327
21 1 241 328
21 1 241 329
21 1 240 330
21 1 240 331
21 1 239 332
21 1 240 333
21 1 240 334
21 1 240 335
21 1 240 336
21 1 240 337
21 1 240 338
21 1 240 339
21 1 240 340
21 1 240 341
21 1 239 342
21 1 239 343
21 1 238 344
21 1 237 345
21 1 237 346
21 1 236 347
21 1 235 348
21 1 235 349
21 1 235 350
21 1 234 351
21 1 234 352
21 1 233 353
21 1 232 354
21 1 231 355
21 1 230 356
21 1 230 357
21 1 229 358
21 1 229 359
21 1 228 360
21 1 228 361
21 1 228 362
21 1 227 363
21 1 226 364
21 1 225 364
21 1 224 365
21 1 223 365
21 1 222 365
21 1 221 366
21 1 220 366
21 1 219 366
21 1 218 367
21 1 217 367
21 1 216 368
21 1 215 368
21 1 214 369
21 1 213 370
21 1 212 370
21 1 211 371
21 1 210 371
21 1 209 372
21 1 209 373
21 1 208 374
21 1 208 375
21 1 207 376
21 1 207 377
21 1 207 378
21 1 207 379
21 1 207 380
21 1 207 381
21 1 207 382
21 1 207 383
21 1 207 384
21 1 207 385
21 1 207 386
21 1 207 387
21 1 207 388
21 1 207 389
21 1 207 390
21 1 207 391
21 1 207 392
21 1 207 393
21 1 207 394
21 1 207 395
21 1 207 396
21 1 206 397
21 1 206 398
21 1 206 399
21 1 205 400
21 1 205 401
21 1 205 402
21 1 204 403
21 1 204 404
21 1 204 405
21 1 203 406
21 1 203 407
21 1 203 408
21 1 202 409
21 1 202 410
21 1 202 411
21 1 202 412
21 1 202 413
21 1 201 414
21 1 201 415
21 1 201 416
21 1 201 417
21 1 201 418
21 1 202 419
21 1 202 420
21 1 202 421
21 1 202 422
21 1 202 423
21 1 203 424
21 1 203 425
21 1 203 426
21 1 204 427
21 1 204 428
21 1 205 429
21 1 205 430
21 1 206 431
21 1 207 432
21 1 207 433
21 1 208 434
21 1 209 435
21 1 210 436
21 1 211 437
21 1 212 438
21 1 213 439
21 1 214 440
21 1 215 441
21 1 216 441
21 1 217 442
21 1 218 443
21 1 219 443
21 1 220 444
21 1 221 444
21 1 222 445
21 1 223 445
21 1 224 445
21 1 225 446
21 1 226 446
21 1 227 446
21 1 228 447
21 1 229 447
21 1 230 447
21 1 231 447
21 1 232 447
21 1 233 447
21 1 234 447
21 1 235 447
21 1 236 447
21 1 237 447
21 1 238 447
21 1 239 446
21 1 240 446
21 1 241 446
21 1 242 445
21 1 243 445
21 1 244 444
21 1 245 443
21 1 246 443
21 1 247 443
21 1 248 443
21 1 249 442
21 1 250 441
21 1 251 440
21 1 252 440
21 1 253 440
21 1 254 440
21 1 255 440
21 1 256 440
21 1 257 440
21 1 258 440
21 1 259 440
21 1 260 440
21 1 261 440
21 1 262 440
21 1 263 439
21 1 263 438
21 1 263 437
21 1 263 436
21 1 263 435
21 1 264 434
21 1 265 433
21 1 266 433
21 1 267 433
21 1 268 433
21 1 269 433
21 1 270 433
21 1 271 433
21 1 272 433
21 1 273 433
21 1 274 432
21 1 275 432
21 1 276 431
21 1 277 430
21 1 278 430
21 1 279 429
21 1 280 429
21 1 281 428
21 1 282 427
21 1 283 427
21 1 284 426
21 1 285 426
21 1 286 425
21 1 287 424
21 1 288 424
21 1 289 423
21 1 290 423
21 1 291 422
21 1 292 422
21 1 293 421
21 1 294 420
21 1 295 420
21 1 296 419
21 1 297 419
21 1 298 418
21 1 299 418
21 1 300 417
21 1 301 417
21 1 302 416
21 1 303 415
21 1 304 415
21 1 305 414
21 1 306 413
21 1 307 413
21 1 308 413
21 1 309 412
21 1 310 411
21 1 310 410
21 1 311 409
21 1 312 408
21 1 313 407
21 1 314 407
21 1 314 406
21 1 315 405
21 1 316 404
21 1 317 404
21 1 317 403
21 1 318 402
21 1 319 402
21 1 320 401
21 1 320 400
21 1 321 399
21 1 322 399
21 1 323 398
21 1 323 397
21 1 323 396
21 1 323 395
21 1 323 394
21 1 323 393
21 1 323 392
21 1 323 391
21 1 324 390
21 1 325 389
21 1 325 388
21 1 326 387
21 1 326 386
21 1 326 385
21 1 327 384
21 1 327 383
21 1 327 382
21 1 327 381
21 1 328 380
21 1 328 379
21 1 329 378
21 1 330 378
21 1 331 377
21 1 332 376
21 1 333 375
21 1 333 374
21 1 333 373
21 1 334 372
21 1 334 371
21 1 334 370
21 1 334 369
21 1 334 368
21 1 334 367
21 1 334 366
21 1 334 365
21 1 334 364
21 1 334 363
21 1 334 362
21 1 335 361
21 1 335 360
21 1 335 359
21 1 335 358
21 1 335 357
21 1 335 356
21 1 335 355
21 1 335 354
21 1 335 353
21 1 335 352
21 1 335 351
21 1 335 350
21 1 335 349
21 1 335 348
21 1 335 347
21 1 335 346
21 1 335 345
21 1 335 344
21 1 335 343
21 1 335 342
21 1 335 341
21 1 335 340
21 1 335 339
21 1 335 338
21 1 335 337
21 1 335 336
21 1 335 335
21 1 335 334
21 1 335 333
21 1 334 332
21 1 334 331
21 1 334 330
21 1 334 329
21 1 334 328
21 1 334 327
21 1 334 326
21 1 334 325
21 1 335 324
21 1 335 323
21 1 335 322
21 1 335 321
21 1 335 320
21 1 335 319
21 1 335 318
21 1 335 317
21 1 335 316
21 1 335 315
21 1 335 314
21 1 335 313
21 1 335 312
21 1 335 311
21 1 335 310
21 1 335 309
21 1 335 308
21 1 335 307
21 1 335 306
21 1 336 305
21 1 336 304
21 1 336 303
21 1 336 302
21 1 336 301
21 1 336 300
21 1 336 299
21 1 336 298
21 1 336 297
21 1 336 296
21 1 336 295
21 1 336 294
21 1 337 293
21 1 337 292
21 1 337 291
21 1 337 290
21 1 338 289
21 1 338 288
21 1 338 287
21 1 338 286
21 1 338 285
21 1 339 284
21 1 339 283
21 1 339 282
21 1 340 281
21 1 340 280
21 1 340 279
21 1 341 278
21 1 341 277
21 1 341 276
21 1 341 275
21 1 342 274
21 1 342 273
21 1 342 272
21 1 343 271
21 1 343 270
21 1 343 269
21 1 344 268
21 1 344 267
21 1 345 266
21 1 345 265
21 1 345 264
21 1 346 263
21 1 346 262
21 1 346 261
21 1 347 260
21 1 347 259
21 1 347 258
21 1 347 257
21 1 347 256
21 1 347 255
21 1 347 254
21 1 347 253
21 1 348 252
21 1 347 251
21 1 347 250
21 1 347 249
21 1 347 248
21 1 347 247
21 1 346 246
21 1 346 245
21 1 346 244
21 1 346 243
21 1 345 242
21 1 345 241
21 1 345 240
21 1 344 239
21 1 344 238
21 1 344 237
21 1 344 236
21 1 344 235
21 1 343 234
21 1 343 233
21 1 343 232
21 1 343 231
21 1 343 230
21 1 342 229
21 1 342 228
21 1 342 227
21 1 342 226
21 1 342 225
21 1 342 224
21 1 342 223
21 1 341 222
21 1 341 221
21 1 341 220
21 1 341 219
21 1 341 218
21 1 341 217
21 1 341 216
21 1 341 215
21 1 340 214
21 1 340 213
21 1 340 212
21 1 340 211
21 1 340 210
21 1 340 209
21 1 339 208
21 1 339 207
21 1 339 206
21 1 339 205
21 1 338 204
21 1 338 203
21 1 338 202
21 1 338 201
21 1 337 200
21 1 337 199
21 1 337 198
21 1 336 197
21 1 336 196
21 1 336 195
21 1 336 194
21 1 336 193
21 1 335 192
21 1 335 191
21 1 335 190
21 1 335 189
21 1 335 188
21 1 335 187
21 1 334 186
21 1 334 185
21 1 334 184
21 1 334 183
21 1 333 182
21 1 333 181
21 1 333 180
21 1 333 179
21 1 332 178
21 1 331 178
21 1 330 178
21 1 329 177
21 1 328 176
21 1 328 175
21 1 327 174
21 1 327 173
21 1 327 172
21 1 327 171
21 1 327 170
21 1 327 169
21 1 327 168
21 1 327 167
21 1 327 166
21 1 327 165
21 1 327 164
21 1 327 163
21 1 327 162
21 1 327 161
21 1 328 160
21 1 328 159
21 1 328 158
21 1 328 157
21 1 328 156
21 1 328 155
21 1 328 154
21 1 328 153
21 1 328 152
21 1 327 152
21 1 326 151
21 1 325 151
21 1 324 150
21 1 323 150
21 1 322 149
21 1 322 148
21 1 322 147
21 1 322 146
21 1 322 145
21 1 322 144
21 1 322 143
21 1 322 142
21 1 322 141
21 1 322 140
21 1 323 139
21 1 324 138
21 1 324 137
21 1 325 136
21 1 325 135
21 1 326 134
21 1 326 133
21 1 327 132
21 1 327 131
21 1 328 130
21 1 328 129
21 1 328 128
21 1 328 127
21 1 328 126
21 1 328 125
21 1 329 124
21 1 330 123
21 1 330 122
21 1 330 121
21 1 331 120
21 1 331 119
21 1 331 118
21 1 331 117
21 1 331 116
21 1 331 115
21 1 331 114
21 1 330 113
21 1 330 112
21 1 330 111
21 1 330 110
21 1 330 109
21 1 330 108
21 1 329 107
21 1 329 106
21 1 328 106
21 1 327 105
21 1 327 104
21 1 326 103
21 1 326 102
21 1 326 101
21 1 326 100
21 1 325 99
21 1 325 98
21 1 325 97
21 1 324 96
21 1 323 95
21 1 323 94
21 1 323 93
21 1 323 92
21 1 323 91
21 1 322 90
21 1 321 89
21 1 320 88
21 1 319 88
21 1 318 87
21 1 317 86
21 1 316 86
21 1 315 85
21 1 314 84
21 1 313 84
21 1 312 84
21 1 311 84
21 1 310 84
21 1 309 84
21 1 308 84
21 1 307 84
21 1 306 83
21 1 305 82
21 1 304 81
21 1 304 80
21 1 303 80
21 1 302 80
21 1 301 80
21 1 300 80
21 1 299 79
21 1 298 78
21 1 298 77
21 1 298 76
21 1 298 75
21 1 298 74
21 1 298 73
21 1 297 72
21 1 296 72
21 1 295 71
21 1 294 70
21 1 293 70
21 1 292 69
21 1 291 68
21 1 290 68
21 1 289 67
21 1 288 67
21 1 287 66
21 1 286 65
21 1 285 65
21 1 284 64
21 1 283 64
21 1 282 63
21 1 281 62
21 1 280 62
21 1 279 61
21 1 278 61
21 1 277 60
21 1 276 59
21 1 275 59
21 1 274 58
21 1 273 58
21 1 272 57
21 1 271 56
21 1 270 56
21 1 269 55
21 1 268 55
21 1 267 55
21 1 266 55
21 1 265 55
21 1 264 55
21 1 263 55
21 1 262 55
21 1 261 55
21 1 260 55
21 1 259 54
21 1 258 54
21 1 257 54
21 1 256 53
21 1 255 52
21 1 254 51
21 1 253 50
21 1 252 49
21 1 251 49
21 1 250 48
21 1 249 48
21 1 248 47
21 1 247 47
21 1 246 47
21 1 245 47
21 1 244 47
21 1 243 46
21 1 242 46
21 1 241 46
21 1 240 46
21 1 239 45
21 1 238 45
21 1 237 45
21 1 236 45
21 1 235 45
21 1 234 44
21 1 233 44
21 1 232 44
21 1 231 44
22 1 233 44
22 1 232 45
22 1 231 45
22 1 230 45
22 1 229 45
22 1 228 46
22 1 227 46
22 1 226 46
22 1 225 46
22 1 224 47
22 1 223 47
22 1 222 48
22 1 221 48
22 1 220 49
22 1 219 49
22 1 218 49
22 1 217 50
22 1 216 51
22 1 215 51
22 1 214 52
22 1 213 52
22 1 212 53
22 1 211 54
22 1 210 55
22 1 209 55
22 1 208 56
22 1 207 57
22 1 206 58
22 1 205 59
22 1 204 60
22 1 203 61
22 1 203 62
22 1 202 63
22 1 201 64
22 1 201 65
22 1 200 66
22 1 200 67
22 1 199 68
22 1 199 69
22 1 198 70
22 1 198 71
22 1 197 72
22 1 197 73
22 1 197 74
22 1 197 75
22 1 196 76
22 1 196 77
22 1 196 78
22 1 196 79
22 1 196 80
22 1 196 81
22 1 196 82
22 1 196 83
22 1 196 84
22 1 196 85
22 1 196 86
22 1 197 87
22 1 197 88
22 1 197 89
22 1 198 90
22 1 198 91
22 1 198 92
22 1 199 93
22 1 199 94
22 1 199 95
22 1 200 96
22 1 200 97
22 1 201 98
22 1 201 99
22 1 202 100
22 1 202 101
22 1 203 102
22 1 204 103
22 1 204 104
22 1 205 105
22 1 205 106
22 1 206 107
22 1 206 108
22 1 207 109
22 1 208 110
22 1 209 111
22 1 209 112
22 1 210 112
22 1 211 113
22 1 212 114
22 1 213 115
22 1 214 116
22 1 215 117
22 1 216 118
22 1 217 119
22 1 218 120
22 1 219 121
22 1 220 121
22 1 221 122
22 1 222 122
22 1 223 123
22 1 224 123
22 1 225 123
22 1 226 123
22 1 227 123
22 1 228 123
22 1 229 123
22 1 230 123
22 1 231 123
22 1 232 124
22 1 233 124
22 1 234 125
22 1 235 126
22 1 236 127
22 1 237 127
22 1 238 127
22 1 238 126
22 1 239 125
22 1 240 125
22 1 241 125
22 1 242 125
22 1 243 125
22 1 244 125
22 1 245 125
22 1 246 125
22 1 247 125
22 1 248 125
22 1 249 125
22 1 250 126
22 1 251 127
22 1 251 128
22 1 252 129
22 1 253 130
22 1 254 131
22 1 254 132
22 1 255 133
22 1 256 134
22 1 257 134
22 1 258 135
22 1 259 136
22 1 260 137
22 1 261 138
22 1 262 139
22 1 263 140
22 1 263 141
22 1 263 142
22 1 263 143
22 1 264 144
22 1 264 145
22 1 265 146
22 1 265 147
22 1 266 148
22 1 266 149
22 1 266 150
22 1 266 151
22 1 266 152
22 1 267 153
22 1 267 154
22 1 268 155
22 1 269 156
22 1 269 157
22 1 270 158
22 1 271 159
22 1 272 160
22 1 273 161
22 1 274 161
22 1 275 162
22 1 276 163
22 1 277 163
22 1 278 164
22 1 279 164
22 1 280 165
22 1 281 165
22 1 282 165
22 1 283 165
22 1 284 165
22 1 285 165
22 1 286 165
22 1 287 165
22 1 288 165
22 1 289 165
22 1 290 166
22 1 291 167
22 1 292 166
22 1 293 166
22 1 294 166
22 1 295 165
22 1 296 165
22 1 297 164
22 1 298 164
22 1 299 164
22 1 300 163
22 1 301 162
22 1 302 161
22 1 303 161
22 1 304 160
22 1 305 160
22 1 306 160
22 1 307 160
22 1 308 160
22 1 309 160
22 1 310 160
22 1 311 160
22 1 312 161
22 1 312 162
22 1 312 163
22 1 312 164
22 1 312 165
22 1 312 166
22 1 312 167
22 1 312 168
22 1 311 169
22 1 311 170
22 1 311 171
22 1 310 172
22 1 310 173
22 1 309 174
22 1 308 175
22 1 307 176
22 1 306 177
22 1 306 178
22 1 305 179
22 1 304 180
22 1 303 181
22 1 302 182
22 1 301 182
22 1 300 183
22 1 299 184
22 1 298 185
22 1 297 186
22 1 296 187
22 1 295 187
22 1 294 188
22 1 293 189
22 1 292 190
22 1 291 191
22 1 290 191
22 1 289 192
22 1 288 193
22 1 287 193
22 1 286 193
22 1 285 193
22 1 284 194
22 1 283 194
22 1 282 194
22 1 281 194
22 1 280 194
22 1 279 194
22 1 278 194
22 1 277 194
22 1 276 194
22 1 275 195
22 1 274 195
22 1 273 195
22 1 272 195
22 1 271 195
22 1 270 196
22 1 269 196
22 1 268 196
22 1 267 196
22 1 266 196
22 1 265 196
22 1 264 196
22 1 263 197
22 1 262 198
22 1 261 198
22 1 260 199
22 1 259 200
22 1 258 200
22 1 257 201
22 1 256 202
22 1 255 203
22 1 254 204
22 1 253 205
22 1 252 206
22 1 251 207
22 1 251 208
22 1 250 209
22 1 249 210
22 1 249 211
22 1 248 212
22 1 248 213
22 1 247 214
22 1 247 215
22 1 246 216
22 1 246 217
22 1 245 218
22 1 245 219
22 1 244 220
22 1 244 221
22 1 243 222
22 1 243 223
22 1 242 224
22 1 242 225
22 1 241 226
22 1 241 227
22 1 240 228
22 1 240 229
22 1 239 230
22 1 238 231
22 1 238 232
22 1 237 233
22 1 236 234
22 1 235 235
22 1 235 236
22 1 234 237
22 1 234 238
22 1 233 239
22 1 233 240
22 1 233 241
22 1 233 242
22 1 233 243
22 1 233 244
22 1 233 245
22 1 233 246
22 1 233 247
22 1 234 248
22 1 234 249
22 1 234 250
22 1 235 251
22 1 235 252
22 1 235 253
22 1 236 254
22 1 236 255
22 1 237 256
22 1 237 257
22 1 237 258
22 1 238 259
22 1 238 260
22 1 238 261
22 1 239 261
22 1 240 262
22 1 240 263
22 1 240 264
22 1 241 265
22 1 241 266
22 1 241 267
22 1 242 268
22 1 242 269
22 1 242 270
22 1 243 271
22 1 244 272
22 1 244 273
22 1 245 274
22 1 245 275
22 1 245 276
22 1 246 277
22 1 246 278
22 1 247 279
22 1 248 280
22 1 248 281
22 1 249 282
22 1 250 283
22 1 251 284
22 1 252 285
22 1 253 286
22 1 254 287
22 1 255 287
22 1 256 288
22 1 257 289
22 1 258 289
22 1 259 290
22 1 260 291
22 1 261 291
22 1 262 292
22 1 263 292
22 1 264 293
22 1 265 293
22 1 266 294
22 1 267 294
22 1 268 295
22 1 269 295
22 1 270 296
22 1 271 297
22 1 271 298
22 1 272 298
22 1 273 298
22 1 274 299
22 1 275 299
22 1 276 300
22 1 277 300
22 1 278 301
22 1 279 301
22 1 280 302
22 1 281 303
22 1 282 303
22 1 283 304
22 1 284 305
22 1 285 306
22 1 286 307
22 1 286 308
22 1 286 309
22 1 287 310
22 1 288 311
22 1 288 312
22 1 288 313
22 1 288 314
22 1 288 315
22 1 288 316
22 1 288 317
22 1 288 318
22 1 287 319
22 1 286 319
22 1 285 319
22 1 284 319
22 1 283 319
22 1 282 319
22 1 281 319
22 1 280 319
22 1 279 319
22 1 278 319
22 1 277 318
22 1 276 318
22 1 275 318
22 1 274 317
22 1 273 317
22 1 272 316
22 1 271 316
22 1 270 315
22 1 269 315
22 1 268 314
22 1 267 313
22 1 266 313
22 1 265 312
22 1 264 311
22 1 263 311
22 1 262 310
22 1 261 310
22 1 260 309
22 1 259 309
22 1 258 308
22 1 257 308
22 1 256 307
22 1 255 307
22 1 254 307
22 1 253 306
22 1 252 306
22 1 251 307
22 1 250 307
22 1 249 307
22 1 249 308
22 1 249 309
22 1 248 310
22 1 248 311
22 1 247 312
22 1 247 313
22 1 246 314
22 1 245 315
22 1 244 316
22 1 243 317
22 1 243 318
22 1 242 319
22 1 242 320
22 1 241 321
22 1 240 322
22 1 240 323
22 1 239 324
22 1 239 325
22 1 238 326
22 1 237 327
22 1 237 328
22 1 237 329
22 1 237 330
22 1 237 331
22 1 236 332
22 1 236 333
22 1 237 334
22 1 237 335
22 1 237 336
22 1 237 337
22 1 237 338
22 1 237 339
22 1 237 340
22 1 237 341
22 1 237 342
22 1 237 343
22 1 237 344
22 1 236 345
22 1 235 346
22 1 235 347
22 1 234 348
22 1 234 349
22 1 233 350
22 1 233 351
22 1 233 352
22 1 232 353
22 1 232 354
22 1 231 355
22 1 230 356
22 1 230 357
22 1 229 358
22 1 228 359
22 1 228 360
22 1 227 361
22 1 227 362
22 1 227 363
22 1 226 364
22 1 225 365
22 1 224 365
22 1 223 366
22 1 222 367
22 1 221 367
22 1 220 367
22 1 219 368
22 1 218 368
22 1 217 369
22 1 216 369
22 1 215 370
22 1 214 371
22 1 213 372
22 1 212 372
22 1 211 373
22 1 210 374
22 1 210 375
22 1 209 376
22 1 209 377
22 1 209 378
22 1 209 379
22 1 209 380
22 1 210 381
22 1 210 382
22 1 210 383
22 1 210 384
22 1 210 385
22 1 210 386
22 1 210 387
22 1 210 388
22 1 210 389
22 1 210 390
22 1 210 391
22 1 210 392
22 1 210 393
22 1 210 394
22 1 210 395
22 1 210 396
22 1 210 397
22 1 209 398
22 1 209 399
22 1 209 400
22 1 208 401
22 1 208 402
22 1 207 403
22 1 207 404
22 1 206 405
22 1 206 406
22 1 206 407
22 1 205 408
22 1 205 409
22 1 205 410
22 1 204 411
22 1 204 412
22 1 204 413
22 1 204 414
22 1 204 415
22 1 203 416
22 1 203 417
22 1 204 418
22 1 204 419
22 1 204 420
22 1 204 421
22 1 204 422
22 1 205 423
22 1 205 424
22 1 205 425
22 1 206 426
22 1 206 427
22 1 206 428
22 1 207 429
22 1 208 430
22 1 208 431
22 1 209 432
22 1 209 433
22 1 210 434
22 1 211 435
22 1 212 436
22 1 213 437
22 1 214 438
22 1 215 439
22 1 216 440
22 1 217 441
22 1 218 441
22 1 219 442
22 1 220 443
22 1 221 443
22 1 222 444
22 1 223 444
22 1 224 445
22 1 225 445
22 1 226 445
22 1 227 446
22 1 228 446
22 1 229 446
22 1 230 447
22 1 231 447
22 1 232 447
22 1 233 447
22 1 234 448
22 1 235 448
22 1 236 448
22 1 237 448
22 1 238 448
22 1 239 447
22 1 240 447
22 1 241 447
22 1 242 447
22 1 243 447
22 1 244 446
22 1 245 445
22 1 246 445
22 1 247 444
22 1 248 444
22 1 249 444
22 1 250 444
22 1 251 443
22 1 252 442
22 1 253 442
22 1 254 441
22 1 255 441
22 1 256 441
22 1 257 441
22 1 258 441
22 1 259 441
22 1 260 441
22 1 261 441
22 1 262 441
22 1 263 441
22 1 264 441
22 1 265 440
22 1 266 440
22 1 267 439
22 1 268 439
22 1 269 439
22 1 270 438
22 1 271 437
22 1 272 436
22 1 273 436
22 1 274 435
22 1 275 434
22 1 276 434
22 1 277 433
22 1 278 432
22 1 279 432
22 1 280 431
22 1 281 430
22 1 282 430
22 1 283 429
22 1 284 429
22 1 285 428
22 1 286 427
22 1 287 427
22 1 288 426
22 1 289 426
22 1 290 425
22 1 291 425
22 1 292 424
22 1 293 424
22 1 294 423
22 1 295 423
22 1 296 422
22 1 297 422
22 1 298 421
22 1 299 421
22 1 300 420
22 1 301 420
22 1 302 419
22 1 303 418
22 1 304 418
22 1 305 417
22 1 306 417
22 1 307 416
22 1 308 416
22 1 309 415
22 1 310 415
22 1 311 414
22 1 312 413
22 1 312 412
22 1 313 411
22 1 314 411
22 1 315 410
22 1 316 409
22 1 317 408
22 1 318 407
22 1 318 406
22 1 319 405
22 1 320 404
22 1 321 404
22 1 321 403
22 1 322 402
22 1 323 401
22 1 324 400
22 1 325 399
22 1 326 398
22 1 326 397
22 1 326 396
22 1 326 395
22 1 326 394
22 1 326 393
22 1 326 392
22 1 326 391
22 1 327 390
22 1 327 389
22 1 328 388
22 1 328 387
22 1 328 386
22 1 329 385
22 1 329 384
22 1 330 383
22 1 331 382
22 1 332 382
22 1 333 381
22 1 334 380
22 1 334 379
22 1 335 378
22 1 335 377
22 1 335 376
22 1 335 375
22 1 336 374
22 1 336 373
22 1 336 372
22 1 336 371
22 1 336 370
22 1 336 369
22 1 336 368
22 1 336 367
22 1 337 366
22 1 337 365
22 1 337 364
22 1 337 363
22 1 337 362
22 1 338 361
22 1 338 360
22 1 338 359
22 1 338 358
22 1 338 357
22 1 338 356
22 1 338 355
22 1 338 354
22 1 338 353
22 1 338 352
22 1 338 351
22 1 338 350
22 1 338 349
22 1 338 348
22 1 338 347
22 1 338 346
22 1 338 345
22 1 338 344
22 1 338 343
22 1 338 342
22 1 338 341
22 1 338 340
22 1 338 339
22 1 338 338
22 1 338 337
22 1 338 336
22 1 338 335
22 1 338 334
22 1 338 333
22 1 338 332
22 1 338 331
22 1 338 330
22 1 338 329
22 1 338 328
22 1 338 327
22 1 338 326
22 1 338 325
22 1 338 324
22 1 338 323
22 1 338 322
22 1 338 321
22 1 338 320
22 1 338 319
22 1 338 318
22 1 338 317
22 1 338 316
22 1 338 315
22 1 338 314
22 1 338 313
22 1 338 312
22 1 338 311
22 1 338 310
22 1 338 309
22 1 338 308
22 1 338 307
22 1 338 306
22 1 339 305
22 1 339 304
22 1 339 303
22 1 339 302
22 1 339 301
22 1 339 300
22 1 339 299
22 1 339 298
22 1 339 297
22 1 340 296
22 1 340 295
22 1 340 294
22 1 340 293
22 1 340 292
22 1 340 291
22 1 340 290
22 1 341 289
22 1 341 288
22 1 341 287
22 1 341 286
22 1 342 285
22 1 342 284
22 1 342 283
22 1 342 282
22 1 343 281
22 1 343 280
22 1 343 279
22 1 343 278
22 1 344 277
22 1 344 276
22 1 344 275
22 1 344 274
22 1 345 273
22 1 345 272
22 1 345 271
22 1 345 270
22 1 346 269
22 1 346 268
22 1 346 267
22 1 347 266
22 1 347 265
22 1 348 264
22 1 348 263
22 1 348 262
22 1 348 261
22 1 349 260
22 1 349 259
22 1 349 258
22 1 349 257
22 1 349 256
22 1 350 255
22 1 350 254
22 1 350 253
22 1 350 252
22 1 350 251
22 1 350 250
22 1 350 249
22 1 350 248
22 1 350 247
22 1 349 246
22 1 349 245
22 1 349 244
22 1 349 243
22 1 348 242
22 1 348 241
22 1 348 240
22 1 348 239
22 1 348 238
22 1 348 237
22 1 347 236
22 1 347 235
22 1 347 234
22 1 347 233
22 1 347 232
22 1 347 231
22 1 346 230
22 1 346 229
22 1 346 228
22 1 346 227
22 1 346 226
22 1 346 225
22 1 346 224
22 1 346 223
22 1 346 222
22 1 345 221
22 1 345 220
22 1 345 219
22 1 345 218
22 1 345 217
22 1 345 216
22 1 345 215
22 1 345 214
22 1 345 213
22 1 345 212
22 1 344 211
22 1 344 210
22 1 344 209
22 1 344 208
22 1 344 207
22 1 344 206
22 1 344 205
22 1 343 204
22 1 343 203
22 1 343 202
22 1 343 201
22 1 343 200
22 1 343 199
22 1 342 198
22 1 342 197
22 1 342 196
22 1 342 195
22 1 342 194
22 1 341 193
22 1 341 192
22 1 341 191
22 1 341 190
22 1 341 189
22 1 340 188
22 1 340 187
22 1 340 186
22 1 340 185
22 1 340 184
22 1 339 183
22 1 339 182
22 1 339 181
22 1 339 180
22 1 339 179
22 1 339 178
22 1 339 177
22 1 338 176
22 1 338 175
22 1 338 174
22 1 338 173
22 1 338 172
22 1 338 171
22 1 338 170
22 1 338 169
22 1 338 168
22 1 338 167
22 1 337 166
22 1 336 166
22 1 335 166
22 1 334 165
22 1 334 164
22 1 334 163
22 1 334 162
22 1 334 161
22 1 334 160
22 1 334 159
22 1 334 158
22 1 333 157
22 1 333 156
22 1 333 155
22 1 333 154
22 1 333 153
22 1 333 152
22 1 333 151
22 1 333 150
22 1 333 149
22 1 333 148
22 1 333 147
22 1 333 146
22 1 334 145
22 1 334 144
22 1 333 143
22 1 332 142
22 1 331 142
22 1 330 142
22 1 329 142
22 1 328 141
22 1 328 140
22 1 328 139
22 1 328 138
22 1 328 137
22 1 328 136
22 1 328 135
22 1 328 134
22 1 328 133
22 1 328 132
22 1 329 131
22 1 329 130
22 1 330 129
22 1 330 128
22 1 330 127
22 1 331 126
22 1 331 125
22 1 331 124
22 1 332 123
22 1 332 122
22 1 332 121
22 1 333 120
22 1 333 119
22 1 333 118
22 1 333 117
22 1 333 116
22 1 333 115
22 1 333 114
22 1 333 113
22 1 333 112
22 1 334 111
22 1 334 110
22 1 334 109
22 1 334 108
22 1 334 107
22 1 334 106
22 1 334 105
22 1 334 104
22 1 334 103
22 1 333 102
22 1 333 101
22 1 332 100
22 1 331 99
22 1 330 99
22 1 329 98
22 1 329 97
22 1 328 96
22 1 328 95
22 1 328 94
22 1 328 93
22 1 328 92
22 1 328 91
22 1 327 91
22 1 326 90
22 1 325 89
22 1 324 88
22 1 323 88
22 1 322 87
22 1 321 86
22 1 320 86
22 1 319 85
22 1 318 84
22 1 317 83
22 1 316 83
22 1 315 82
22 1 314 81
22 1 313 81
22 1 312 81
22 1 311 81
22 1 310 81
22 1 309 81
22 1 308 81
22 1 307 81
22 1 306 80
22 1 306 79
22 1 306 78
22 1 305 78
22 1 304 78
22 1 303 78
22 1 302 78
22 1 301 78
22 1 300 77
22 1 299 76
22 1 299 75
22 1 298 74
22 1 298 73
22 1 298 72
22 1 298 71
22 1 298 70
22 1 297 69
22 1 296 69
22 1 295 68
22 1 294 68
22 1 293 67
22 1 292 66
22 1 291 66
22 1 290 65
22 1 289 64
22 1 288 64
22 1 287 63
22 1 286 63
22 1 285 62
22 1 284 61
22 1 283 61
22 1 282 60
22 1 281 60
22 1 280 59
22 1 279 58
22 1 278 58
22 1 277 57
22 1 276 56
22 1 275 56
22 1 274 55
22 1 273 55
22 1 272 54
22 1 271 54
22 1 270 54
22 1 269 54
22 1 268 54
22 1 267 54
22 1 266 54
22 1 265 54
22 1 264 54
22 1 263 54
22 1 262 53
22 1 261 53
22 1 260 53
22 1 259 52
22 1 258 51
22 1 257 50
22 1 256 49
22 1 255 48
22 1 254 48
22 1 253 47
22 1 252 47
22 1 251 46
22 1 250 46
22 1 249 46
22 1 248 46
22 1 247 45
22 1 246 45
22 1 245 45
22 1 244 45
22 1 243 45
22 1 242 45
22 1 241 45
22 1 240 44
22 1 239 44
22 1 238 44
22 1 237 44
22 1 236 44
22 1 235 44
22 1 234 44
22 1 233 44